4402
18651
2067
8358
3863
16234
24935
14728
15474
21351
12439
6879
3075
15986
928
12773
14180
19904
24978
69
22801
14594
8727
23643
7496
19370
3349
10401
1002
731
833
21284
17741
301
12491
22494
7097
13831
23784
951
17289
7264
14348
16246
18116
7637
11327
7565
22178
7169
24934
15060
9495
704
13637
18233
21046
3276
6091
20622
23712
9712
3961
24351
10901
23641
23304
16410
24962
16636
21964
6220
9940
9311
19253
16363
16557
12889
19300
1131
15736
7954
24370
13247
13576
21782
5669
12029
17983
23037
22101
24189
12278
2833
14383
21750
16660
3536
5364
17070
12886
12141
16046
24011
969
15378
1424
10109
23048
20146
19437
18945
12897
21206
5582
5524
16457
7436
403
6537
17682
17967
7607
13253
16835
11266
18933
11576
15044
8823
21601
17956
19953
23900
187
12572
24264
16793
4235
16996
18394
6733
13962
1839
15764
11951
18677
18166
6548
16538
13546
15890
11691
13579
11340
51
17644
17698
20430
20068
10850
15012
19656
916
7523
20819
5806
18047
19151
5923
3001
18056
8365
1063
22056
2308
2727
546
14843
477
24711
24759
9214
8177
8802
3587
20473
6049
11286
9512
2277
5487
5230
8362
17281
5509
21517
8942
21240
23317
9649
14899
23023
10551
16269
15524
3741
774
10223
12666
11250
13792
6161
8467
3563
8305
23925
16715
6851
19845
14144
682
7385
585
13019
4799
1157
23554
5250
14603
23088
16590
22222
13980
17848
7228
20669
22775
16927
14773
7313
17167
21250
1005
12940
22115
18869
10526
21621
20674
13968
1926
24164
9784
4118
6951
1554
10039
2317
2504
10169
9760
24374
5184
24945
18511
8269
4272
277
18373
1242
19352
7130
18686
15101
5620
23069
20413
16674
1226
12385
6566
11368
3244
6742
18788
22090
14186
19379
6360
16133
3421
21822
12781
9701
16518
16377
563
10660
20058
13183
9219
592
5143
6581
10739
18459
4428
11111
14065
6980
8733
22100
3159
12426
17944
11267
22515
17508
15876
17449
7688
2140
23772
1323
2774
4358
5560
5457
17636
6978
8782
10886
19667
16576
24827
12062
11103
11150
3732
9542
7706
19791
23432
16016
4435
19004
18060
3416
10509
1282
13323
2398
12459
4827
4096
11170
3758
20158
19248
12387
2511
18703
18031
7330
18545
2678
8740
11956
9684
18495
17507
3745
15000
9082
3530
1499
9690
405
20108
21968
476
3004
13550
3771
1311
6157
7852
19228
13795
5309
3786
14775
5484
22311
7910
5208
24379
3369
14257
12395
17790
9634
18029
8303
23318
15630
10304
3281
6803
21366
24972
1298
893
344
24630
23805
19548
10493
14740
12821
10265
13059
2063
2103
10398
19708
14937
3649
8194
7051
20244
24598
22550
15365
21686
11659
8489
6003
17747
6810
10070
6527
8073
11811
2666
9200
2929
14676
2965
21365
18820
21085
11104
7452
12795
10052
1345
10723
6121
10378
18972
9922
8055
10955
3307
17833
20034
24538
19528
3016
8031
7214
667
7987
13165
2370
8783
18061
2323
23893
2461
24946
20820
324
9529
11769
16163
15362
5052
24534
16430
10750
2526
16687
21798
5676
5884
4900
4637
10478
10014
3502
23243
16854
19722
9617
4138
6774
4642
17874
23679
1040
10356
20431
22026
18119
24450
22596
6731
5837
9795
14176
17612
5173
1591
23423
21881
8103
8276
2110
22350
14637
14095
17998
8199
17739
14398
17631
14854
356
12966
11097
24724
8453
15918
799
21182
13653
18697
619
2042
22665
11630
19007
4531
19449
4100
4538
8490
9073
13035
18483
13142
5641
24840
2924
7652
15925
245
5818
17324
10395
16413
21261
14362
22495
20942
23967
7396
7811
10255
16222
22509
15690
7374
23358
13508
11041
18363
20030
23862
21410
9018
21181
7191
1579
2344
16767
21144
12081
5225
16765
6679
10217
9788
22693
9816
18098
12177
5412
22979
24388
24130
15229
19483
2784
4038
19860
16841
18718
12360
5776
5104
8211
13983
24727
18661
23579
1708
16221
22335
24887
23499
20872
11402
12582
16877
5400
24533
23917
1333
17176
2962
8361
20593
3311
8766
24146
2743
4558
20214
21617
22499
22950
2687
14583
7896
12528
14185
13016
5398
10664
14356
4139
20394
15989
6947
3905
14131
19683
17499
13376
3869
21643
9682
9098
8133
12414
18329
131
24928
17313
14377
18975
689
1009
20562
24780
7937
8532
6770
5664
9331
4863
17771
6568
8953
10195
19193
8220
22397
14627
5504
17870
11696
16082
13761
3991
6846
18695
12558
6711
9307
3543
791
3868
18655
433
17867
24938
22082
23734
21279
4475
2463
16396
12246
18762
10199
14325
16483
22192
11692
17314
10606
27
4059
14493
23526
14730
11475
9987
17671
13087
11120
23957
22394
18724
16131
3705
21222
12371
12530
6681
18248
126
9097
20825
19600
23667
24201
23867
16743
6516
15125
19688
16938
13400
23335
10005
23032
5580
14725
20317
21916
17398
6467
11777
17242
115
22234
12752
18984
13954
13279
11010
20369
19150
24046
22921
2219
16144
8114
20983
21258
9531
20633
680
13336
23635
20619
5114
20766
24775
8855
24479
2405
19839
331
11450
8669
23200
13472
22447
24360
9950
4983
15141
8498
15877
5558
15306
16722
1487
8874
16720
3231
19353
13847
2285
11638
2195
21523
14499
646
5378
16618
23273
5296
22624
3049
13170
20839
22574
9037
19824
9974
6844
17304
6806
7773
10942
8816
2246
2453
22911
17144
21587
12065
15333
16761
18273
1629
5523
9728
21399
24087
23377
18226
8839
11660
19977
7605
12863
18384
13097
5647
15847
8504
20001
10801
23463
7284
8479
19986
23156
8002
21654
1000
20396
13192
10372
14148
8140
8817
6222
2376
20509
23996
5427
18977
14535
19052
23863
4855
19865
8584
15053
17255
5325
4542
4525
23453
14440
11832
10150
13131
7880
3795
23532
6756
23543
22328
10010
2235
3486
7458
13009
10530
24709
3275
6119
1473
1813
19579
762
7096
22390
1137
16202
23066
17319
23722
20092
14492
11221
21722
8997
24283
20094
22696
5658
3120
7276
24123
7642
16220
14739
12382
24884
7592
7724
9294
15157
17924
19003
12766
6943
14801
23426
8450
10817
16263
19451
3635
7007
2583
1514
505
171
15741
10471
12554
19013
9411
6418
13104
5245
21169
4989
998
497
12690
4757
21784
17779
1871
18505
12435
8328
4259
2605
15167
21369
9941
473
1162
17595
1993
17200
4224
1402
8965
3848
14172
2983
6229
905
16372
20890
4270
9151
22504
6289
21725
14664
12769
10807
20678
8780
8514
21024
20827
7965
8042
1972
19265
19349
5743
11456
14040
19836
22873
18358
20918
17110
1992
11574
17921
13521
17632
6532
23319
17576
13897
21705
2296
23381
8752
20010
23629
2368
8243
24429
3164
4948
1923
6663
14028
1471
1730
20877
2989
16804
15373
16420
12132
3253
10246
1314
4149
17415
1087
14527
21766
4200
12949
23188
14617
806
17187
8847
2961
8192
10663
2811
9890
1120
12590
1905
8552
10263
4260
8529
12457
3838
22209
9953
3082
13920
8040
16473
18257
6730
10816
24457
16689
12815
19141
15766
3430
4250
21383
14700
17162
18305
23572
19050
24387
17041
17551
991
9546
5145
6552
12135
12754
17074
10624
3190
13418
11317
4140
18838
2125
1427
9846
21335
17487
10277
13683
9775
10446
11554
8934
10659
17042
16418
282
17240
3993
4874
10391
23815
10668
10733
18779
2255
14805
9162
15718
14881
11932
12469
2561
18971
1838
4409
1596
17160
16127
18861
8254
23888
23033
18801
11096
11848
21086
12128
13191
10072
15223
19603
11155
17436
16631
5498
952
4861
8196
22519
7246
18441
4371
3694
6048
13471
20306
1641
3251
17881
22325
8707
23417
3504
6695
8575
2188
20713
18717
17248
21005
2572
2385
7123
21077
5680
16760
14158
715
19344
24663
15947
23274
9297
7206
24718
19597
16174
7707
13940
14817
22138
12031
17841
6187
15799
2382
8406
13346
6598
271
17432
12475
16852
15960
2503
13229
20179
16713
18949
19156
13945
23919
11528
15022
209
6218
9809
22806
22653
21039
180
17720
3933
9917
24862
10340
17793
21136
18742
18067
9257
17223
13481
17761
16969
13379
19751
20642
19040
10084
14828
9892
4290
16591
14554
19210
4598
18022
5340
8281
20862
314
13899
21677
18543
1187
12070
13791
13177
9225
21593
21943
600
2964
2950
157
12563
8810
15216
8911
12210
20835
15775
11027
12729
14947
3817
15850
11616
4741
13605
4858
595
5638
8527
12050
4165
19319
9409
13530
8451
24875
9413
13787
23727
8967
14205
11006
24454
7060
23444
16101
13169
23467
13930
2994
2111
4242
6754
4902
7511
856
3383
8297
5102
15721
3242
13078
21288
6141
98
2921
14014
20050
1666
18009
7152
17514
13824
11360
1541
24990
3380
18115
22251
13750
22008
3887
8694
22431
9134
5866
15719
23074
1562
7019
22177
21111
2857
12770
4056
21912
14656
9641
22346
16640
16317
12880
3806
19861
15702
3467
4886
12660
20107
23015
6592
5476
17063
8441
13651
17587
9456
16137
20763
17851
7032
20432
11045
15924
3370
280
21537
11366
23225
24352
1849
17712
20494
14426
9825
3301
7489
16646
8996
8858
23142
8072
13488
4860
4266
8398
6399
13360
18377
20644
19611
1914
17458
19955
16690
4877
13559
8852
9168
15733
22787
10020
8750
16099
7025
16343
12048
19628
15418
7918
11088
5772
19848
5937
19023
22746
14782
17523
4896
23899
16513
10682
17317
22613
4425
21137
6985
10333
20399
16178
24018
10814
3879
4191
4591
22883
8403
7373
2884
20816
17656
23814
1639
18450
23662
22438
3805
7413
18456
6534
16482
18598
21623
10088
13836
10736
138
657
10004
20164
7217
2771
7356
9180
22304
20501
11176
24104
19698
16987
12428
757
3986
10808
11371
4569
3715
8218
4694
22321
18809
1344
11370
2535
3008
3381
9829
10388
8157
8825
17354
1630
11854
1021
2566
4555
13085
12191
23954
22652
7931
24987
22270
10774
8966
260
16883
10545
3676
11546
21010
4125
19862
8882
13276
2984
22249
18895
20337
17292
15583
24629
13720
17555
12903
9866
7189
20733
24056
17993
4362
1767
19663
16663
3600
5739
7883
7045
14241
8994
17889
654
8205
23489
8877
17371
8576
15506
4131
13214
23228
3399
12238
2263
21444
17832
11899
17850
18202
16625
22432
19032
996
20284
10096
14597
22361
4332
24376
2436
18981
4650
22171
7086
15862
10992
11963
9579
5235
5098
12508
14408
13292
3862
19693
4756
24129
9676
21852
22510
20934
19781
268
17605
317
21067
4344
24000
18412
3314
15057
995
14154
19613
22257
13837
9046
23809
13383
13308
19850
15138
1745
3250
15425
1225
21170
23073
22851
19
1378
3641
19247
4573
17381
16648
11674
24828
8876
18619
21458
11679
15529
22854
8033
20374
7858
3458
18427
11721
5198
3814
1329
23070
10279
13841
11346
8306
21546
20505
1824
20216
14249
13596
12330
11755
9631
11181
14451
22912
7800
20805
19976
17006
4730
1836
11190
22054
3719
16811
5642
17794
21061
24101
15972
11173
3980
19096
709
15737
6855
12557
20696
5724
24339
7464
3266
8138
10997
10782
21515
23295
23599
15116
15439
12109
16142
21346
21731
6349
14155
14437
13069
24939
3945
24251
15999
8731
4103
4911
391
12324
13586
3570
859
21377
2444
5995
15033
12354
21863
16450
9453
5095
5055
17190
3464
8342
615
15218
12994
20768
23091
7483
17620
22790
12805
174
17829
8174
13859
5206
21701
5867
11222
23943
7836
2492
17575
18279
5273
5754
12310
19180
706
16813
7106
14005
7722
1325
16897
6233
22947
16516
22630
20049
21415
17588
2530
8123
13047
15235
3902
18579
21098
1584
12680
2938
18348
3099
21018
15693
24066
16989
7837
398
683
24791
15283
9111
13617
5462
19495
4364
18404
10430
17520
20856
14702
16436
13684
18147
5492
22900
12959
22889
12749
6577
16233
9123
11796
4963
8501
18575
9158
23394
20383
2741
11813
11013
4676
8469
8356
8266
11447
12591
9146
18529
15327
441
4883
4268
23696
7402
6439
24824
24216
17614
20264
6501
23719
14064
23293
18927
4561
18150
15089
12822
6417
2705
20493
2528
5016
21865
1884
24237
13283
12537
13672
23363
4504
19366
19559
4232
22042
17645
17902
2430
7904
12506
4568
9360
6632
21684
13014
11693
5842
7376
9759
4712
11394
16125
17542
9560
2902
23743
24478
6843
15186
717
24810
20384
19418
3376
24641
23675
24097
8352
20262
1908
1706
10341
5239
4337
20617
3384
3686
14263
20756
19218
8057
6811
16522
16637
13003
3983
6952
12577
24111
16955
4389
18951
23202
119
24937
6604
18438
24639
21726
15795
17858
20105
7558
8770
1235
20920
5497
22006
21974
18165
16477
7638
13449
8968
21680
13801
24577
8912
16186
3202
21931
4246
6116
18334
520
14874
1469
16005
7023
12908
17650
11018
7978
3081
24506
22220
1397
13849
14476
6186
24503
19507
16449
6225
16703
12609
17099
11814
6457
7625
11787
21582
19203
2113
11175
1697
23732
1448
20008
5792
4839
9356
23924
1410
19114
23841
23854
18528
12985
3014
13105
16768
18757
21171
9872
12923
8779
11540
15421
1608
18094
15635
571
13986
9981
19289
10397
4895
19533
19311
18210
9102
2158
19895
11828
13602
12812
17033
24792
18862
19062
23261
1210
18802
17352
471
24509
10880
11032
12069
18051
1129
20888
12129
19094
23062
24848
20786
2744
17681
14621
10960
16386
17828
111
5266
10650
11824
7010
4788
19012
4856
23658
3535
13237
10394
16667
13790
11797
11187
8512
19950
12074
1232
2079
20667
8082
8700
13010
18035
9301
23813
20271
2735
2454
5583
8758
23533
2729
4137
9254
18049
21007
8611
7695
6900
3238
9080
15742
1543
16782
9873
24245
17814
24518
18045
10336
11130
9700
16913
4366
1155
14490
11925
1221
940
10337
13680
5367
18251
1331
19279
21745
20625
17231
13912
6041
6469
7629
3760
19249
4261
19225
16588
4012
8735
15018
6432
1811
11839
14946
10974
20135
11622
7201
24516
306
457
16015
1057
5386
8300
18086
1306
300
7539
2773
17180
5679
1150
17306
6561
6862
14515
9462
7963
16072
16577
12169
10646
12844
21411
2407
6397
19474
5947
6144
22426
20416
9730
19046
13967
24620
15532
11910
759
15969
676
3433
21599
20500
18938
21775
20308
14171
19077
11259
24546
2426
21198
13768
24077
16850
16198
19921
18468
21641
18034
16419
15650
19659
22298
18864
14748
19782
23235
5419
8790
22139
17185
9880
18463
12990
19902
17685
8491
8368
10166
480
19811
1502
14993
14992
11650
7606
16645
23701
6853
15597
10996
20507
4745
12579
14331
1777
21035
3644
11675
23337
8382
17730
1770
10041
12410
490
10632
11080
10119
19306
24136
6834
24633
10768
3928
22003
21149
2171
4206
22634
9643
13423
24982
11166
7620
891
21104
22598
5996
16520
18810
20996
11986
9912
9625
12386
13776
17249
15120
2431
6520
13359
7589
19918
1383
20235
7889
20635
7358
22967
12932
12430
6886
20377
4980
9805
11799
47
22525
10068
14557
16315
5599
22126
4796
23436
12149
14319
23084
11203
16816
24897
10406
19784
3654
19123
21162
9577
17958
21714
9047
14074
370
10181
2832
20929
16118
3767
16421
7227
24311
21080
8672
14312
12213
7554
1776
3358
23067
24473
16848
16755
5343
23877
9570
1583
2238
7151
103
22034
2024
13858
24314
2168
1802
293
1142
17627
11112
10902
614
20038
288
18318
6925
15366
6557
8724
9678
19061
18044
17089
8237
7651
5985
6905
12827
1958
7818
18197
14831
1158
10859
10704
13328
3923
524
18433
6063
16567
20976
3069
6057
7155
7369
5784
9967
3204
24748
10284
4793
2058
14521
4917
7567
1412
9379
11282
1910
19318
2925
14500
22768
23244
21783
6065
24331
1882
6631
22678
3798
2864
7203
9375
8261
17275
13855
8147
22780
8249
6383
10674
11466
11705
14885
21612
20168
12532
22246
12665
2928
24857
8011
16034
11262
5853
19822
21270
3730
7855
23937
14306
9074
17441
9955
10978
12142
13410
14953
11939
11530
10351
12977
15444
16752
560
12133
4172
9909
5505
9902
18573
4153
17974
4898
5469
14997
21131
20555
4988
4429
5279
2611
20055
8319
7714
11663
23504
10328
5621
9085
15501
10149
2531
14036
5046
18021
11575
14735
3520
5105
10349
2267
6120
15714
17517
1145
1535
6280
21281
11665
11995
23016
11642
16502
20546
21818
12272
11209
21436
23561
6050
12302
1069
23301
20116
22628
2044
8092
24152
10717
24693
13204
8006
22949
1620
7594
9520
18627
223
6400
3183
4438
7299
12087
16585
24688
4615
5320
7473
2470
10205
18789
16734
24505
17676
19669
17757
14159
14396
23368
16769
15564
5992
16791
11653
6405
14191
22884
22468
6724
7501
4662
4377
6823
694
5360
15915
11890
6027
1615
11807
2702
19978
7776
22215
6927
2853
14458
21096
21495
22792
19713
11220
5406
18845
22991
588
7129
10357
15740
18091
1186
1716
12018
16382
18322
11452
4440
15997
24155
16750
10447
21767
18585
21946
10209
19828
10412
18772
2935
15758
11075
13616
2342
8587
2062
21574
21161
10582
624
5905
10730
7398
10258
8601
8270
10034
15977
13630
392
9650
22372
20765
9528
1592
3794
14137
14110
20085
23773
9119
11680
21435
18531
16192
18875
9217
19941
8385
22131
5648
10573
4679
11525
23150
24071
23054
17115
24113
6300
12970
14720
4916
15765
7959
1237
20962
8113
2588
2310
1262
17018
16617
15455
24853
15868
24541
17052
5584
18451
16291
13030
24281
12648
18109
18422
14763
22713
19443
22914
12226
1690
12068
11564
14345
7782
22443
21702
17912
9948
2891
14478
11700
22756
5287
4412
22817
1476
11929
18590
11049
5682
18637
16069
15672
274
18872
7666
19970
1946
14552
23375
5358
16696
6827
13117
15267
4041
10315
22295
4532
5547
10811
4313
5913
20225
17375
10097
7676
24852
23172
15337
15007
16726
18092
10193
5563
17036
20172
16622
22672
19399
24491
9258
22068
5065
210
11156
3901
23757
12452
21453
16803
5862
20254
14403
14726
17472
14495
11919
6763
22501
2790
3516
3188
17637
12699
4499
14528
23055
5963
15565
14711
17103
19450
1193
19239
6354
19347
14744
16000
23596
9526
11429
5686
19591
8954
5911
903
24944
1984
22011
2127
18025
7530
24770
10453
14470
10987
3330
12724
1762
15344
9116
13414
15247
10855
16628
3146
5380
13148
17728
13998
22998
15655
16565
4880
10469
4782
11467
4496
20021
6340
7371
7081
14876
21285
5103
3388
3373
13933
1723
14863
4971
22403
18357
10539
9179
13042
464
12698
15961
14593
9885
9931
21088
19044
23153
10261
9490
5706
3287
16035
5888
14607
5024
15031
3456
23948
4043
17568
10439
10366
16196
18317
20823
11174
23871
10479
23291
19408
15158
10593
15873
12915
17572
7147
5442
7897
17581
6558
19480
8038
1691
10516
20304
2016
10757
13754
973
11281
11780
11847
19668
19506
21649
13396
6852
9457
7359
10274
13023
12601
21948
23178
22194
12736
21342
11474
19799
22161
7280
7664
22907
20032
10494
12605
6676
9623
3137
14220
129
11503
3055
13364
5021
3650
17485
5878
11152
4726
12307
23506
10667
17766
20898
17135
24625
22669
6355
5189
24338
17624
5259
4806
3926
14484
19167
17108
4256
14132
4384
10939
19880
10396
19486
4492
679
11751
22049
7415
7701
16284
19413
16014
1122
21344
2941
4376
17461
15364
18507
4678
6849
23111
4517
9176
11421
22933
12570
15570
977
17335
15131
6455
7893
23637
165
9962
1381
8748
17005
6206
2355
3469
3609
13116
10874
3434
24981
18898
17128
21363
15823
21858
9195
23109
14128
12172
21235
11432
12573
13480
14293
12060
17989
6748
6410
2139
22688
7798
7863
23143
7898
12896
14967
20206
14443
18604
3125
1775
5646
17277
248
1452
14096
9125
13613
4351
7723
21647
12266
13589
11201
19168
1549
24768
14892
4234
17142
22201
19160
1968
23105
3841
23964
20829
20956
4081
14311
4873
625
11974
4257
4930
9444
811
15478
20902
877
15829
2199
19320
14123
3009
15394
23191
19749
16426
3174
4217
17651
21875
21075
19727
17855
13438
7923
17149
12447
15649
22864
14347
3826
2203
6903
19393
20019
12101
3419
3151
11629
3463
24013
3640
22401
19361
2867
117
16789
14150
7683
2996
10071
15976
20033
2025
18791
14058
18365
9772
12846
20578
1340
19504
949
9069
20330
15674
24957
7172
24815
22063
15653
14471
17498
1793
23678
16832
5695
14351
14927
9689
19174
19330
5983
10517
16710
21583
24438
22842
23151
19558
13055
15643
20653
7231
10038
22455
2069
4844
16172
22274
11783
8492
10135
17734
9928
4539
3500
16444
4520
14913
1244
14606
15389
18669
10673
17759
12166
24442
479
23195
6602
8803
20398
2122
15137
9283
22280
21187
8713
16446
23251
18536
13154
3671
3207
10559
24191
22736
22887
18770
14659
2998
22078
16330
17359
11263
19301
1431
6159
5557
1820
20222
3811
1399
3843
18189
21692
9997
6570
5305
17475
4921
7468
7121
23152
16505
11563
23003
14264
8743
20136
4413
9368
18931
8130
2279
19530
8678
1863
713
14151
20018
9251
15552
13825
14303
2224
6070
7038
1115
20864
14070
13583
11625
11631
24397
22868
22146
7405
7518
1944
11977
24167
14629
10547
7131
7178
8444
5078
24900
12498
3512
22720
20051
60
15471
10229
22285
9540
6833
21861
20860
23825
1147
12535
14976
17540
796
4318
22638
16161
22664
3246
22821
20474
14291
6583
16908
24147
3222
8153
7945
16111
18839
3799
5825
16268
11746
21816
19488
20791
20468
14195
22184
18141
13822
780
20502
13083
4636
13951
4168
1987
9583
12734
20193
14091
20923
21870
23004
19602
8893
15688
19510
23324
8663
16669
3492
10676
5014
18389
17625
8509
802
18400
3180
12148
14882
8680
3103
9309
4554
24674
13314
12466
913
23148
22885
4258
18352
12824
16120
7635
16691
922
12320
2026
13452
19684
2753
8187
1299
14886
2745
9620
20014
1296
11390
1390
2239
2399
1485
19159
10050
11614
23476
2974
17611
15420
20340
11716
10711
5607
20566
24168
17243
8189
10725
19759
7624
8136
20787
7133
10183
10028
17573
10576
9889
19261
23680
23879
23097
7543
4835
7919
5283
2768
8507
13064
6638
4513
22326
18126
20359
2425
10361
12650
6914
5188
1267
14605
7078
13130
3690
10184
7202
20881
9492
24138
21354
14609
11026
2733
24145
23094
7566
21954
17156
15190
18223
15020
320
19692
23127
15013
14178
17705
3594
6298
508
7975
10085
7018
23266
19872
9639
10093
8654
24908
8705
9420
1557
953
24585
20541
14460
1389
6759
2520
10343
14816
9968
3746
8081
3639
6326
987
6379
20855
4445
20420
19536
845
14425
942
18333
7451
15571
24307
23803
289
7339
4534
2054
523
4493
10496
18896
2775
23010
17667
8551
6384
13054
259
17818
9165
11531
8484
17786
12630
13239
17370
17320
17474
15252
9140
2900
5896
15705
23795
12909
4361
20242
6824
17232
840
16946
1693
10392
4743
7171
10441
13005
1338
23321
19444
15557
16468
22107
1127
4296
18198
13459
17888
24032
17835
8899
21803
1454
24373
6366
23163
12461
24392
16970
749
18663
24632
6249
17558
17067
17484
5321
7533
2881
6911
22831
5396
1724
23808
9264
486
4946
3241
1302
22123
14093
15560
5741
7146
18556
15356
3532
13264
7338
22855
4164
11072
16583
15559
16175
16784
12044
21441
19081
8128
14518
23968
13240
24128
12657
18557
7498
24378
20336
3481
5926
19655
23540
11288
2480
844
13745
19209
16191
23990
15083
3608
21579
21233
7674
14898
11506
16774
2992
10983
1214
9066
19313
17169
20153
10976
4253
18737
5475
14085
10210
14508
7973
16032
12574
907
16425
8347
22400
9396
8511
812
18530
2767
10636
20488
16858
5934
7173
9621
2654
22231
14925
12188
13070
21646
14838
15468
3367
21669
22781
18432
2731
1114
1940
22560
23605
1192
8806
10188
5777
17616
15642
20246
11055
558
14900
11202
7783
7418
11332
1896
750
14433
16779
6493
12900
23077
5875
7601
2664
12943
1337
5709
21984
153
21549
17642
20318
24090
5326
1251
13846
7278
8429
17010
21770
6188
23287
19832
12373
21529
13056
16756
13960
8908
14505
11042
18506
783
2565
15482
13741
5308
14108
5255
17803
16672
16639
16507
24722
5633
8755
13532
15771
9357
11380
14964
13027
18071
12339
9383
7868
11758
21965
24765
17403
7390
8674
23472
2374
8627
24984
5257
8649
19264
24733
16077
514
5221
15844
3621
7196
4982
3700
12594
1860
5655
2233
3106
15349
17996
15345
818
1897
8894
1680
17343
15477
21025
23018
11657
19513
14346
21118
24662
10435
12524
23123
9504
2707
24199
14463
18383
22313
14004
14135
14281
19237
22374
6115
4943
1731
10824
11523
12336
2204
20683
19431
10417
18870
5803
4761
20485
3754
24359
23782
15638
7639
21589
20202
17282
20522
5293
6662
9799
5626
24444
22929
13950
16028
11496
1116
17439
2464
798
23766
8152
5100
6995
12982
14537
16716
19308
8937
13963
19550
11074
15793
11163
2658
19405
20017
1795
4562
18224
15398
23518
2976
267
2134
789
6008
9128
6364
15091
13181
17755
22456
8891
8651
18245
12592
3453
12952
15183
24604
2332
23920
4404
19780
869
23728
12404
20884
1846
9516
11305
553
20344
14388
21808
19163
328
17453
10346
21778
1677
19129
14635
3189
13878
13309
4039
22932
573
377
18253
19518
13384
11411
5753
13254
1330
4691
9355
16922
20073
13465
5445
24726
22937
21981
23252
19516
23544
1144
23193
17664
21350
13501
24774
10616
22844
14851
12881
18920
24421
4115
16493
2591
19830
19277
20183
12875
8535
12839
16029
1098
20521
9524
5229
20761
8809
12721
8983
4090
8370
21396
3918
3501
15334
4959
15264
7892
7787
1360
7367
2619
3548
3162
24720
18973
3736
1435
8265
23276
4801
11364
3737
1638
12764
20124
20451
7323
5217
21491
18812
22477
5622
11543
19816
13043
16792
18517
5615
10681
21374
21452
20609
1631
24007
18857
9761
3257
14764
2854
21
1558
9213
17981
9994
19378
20387
8337
15028
23248
21845
7322
10031
4116
16702
16432
23149
11994
14624
3093
14120
5089
9004
22472
12229
21123
6915
10764
20331
4616
18291
7306
20132
243
7538
15810
23718
4169
13382
11238
14006
20444
14417
3667
8202
1737
17280
9677
16880
10443
6523
6822
7516
23429
12325
23455
8402
49
23818
16607
4604
14015
15851
2963
16923
9044
24068
7184
3553
21034
13272
4659
3759
14405
16974
7091
5284
7058
8930
11983
10699
11381
8251
23116
4893
1016
7252
21175
23751
24530
17563
522
11205
549
5719
6582
8505
22774
2394
20803
12092
12134
6211
23292
149
12854
11110
18781
10806
13447
11241
19285
8432
13190
20139
9039
22423
20096
2458
14328
7308
20076
15466
11342
9267
958
3479
19487
21133
22098
5604
20388
7383
17546
14394
9629
13870
13057
20354
23198
2228
13004
5004
19235
6804
15536
23405
16179
3239
13439
5407
16148
7043
10118
18268
1185
9791
9601
4549
8227
23044
9957
22691
4370
14300
10926
17084
10524
6910
9105
1301
10177
16463
18833
9654
16292
9798
8656
5232
24947
8622
10945
23099
8483
12689
14481
16216
5521
12569
21520
3039
19098
6741
10386
1674
17134
10009
1315
13615
3565
20237
20517
10614
21851
341
11284
7911
20477
11610
21174
14239
7891
17049
23112
1070
22788
623
23488
854
5520
9208
20213
6863
14052
9479
20628
5405
1439
1274
20697
12791
24967
3652
12451
9432
24869
1634
7507
10932
13739
19263
18867
15955
19658
6657
18988
21166
2914
11028
13258
5876
7715
16945
15903
2366
13730
12950
7148
8377
24844
9237
1067
8521
2795
5890
20282
8278
14707
14244
20676
3288
9741
1766
15637
5752
8336
24911
6841
23941
21910
13082
22838
325
18584
16491
9735
89
23060
11137
3172
8415
5306
19589
6550
2379
5728
18923
12358
17392
18571
24063
7219
23320
24776
23473
23410
13621
20651
5759
1749
12969
24846
6254
5215
7277
3000
20036
14808
17695
17839
10958
23798
6285
16613
19524
8381
12733
8107
21573
20298
8446
4821
8715
11851
18952
9028
16393
21231
6202
17599
719
21006
7162
9033
5528
10553
7197
5334
1075
19939
7180
12710
8577
8438
6955
8562
12304
1369
1081
5041
16287
14304
9874
12011
13293
11666
20231
6487
9390
9183
8659
15837
20243
5002
19008
11684
21577
12771
2004
2367
8526
2469
21295
6821
14871
10076
1319
21762
11046
140
20157
23121
22273
21083
13881
12013
22262
15923
6343
14173
12831
9477
3149
2650
5278
11048
11971
18626
21645
12517
4033
12334
1701
14212
19924
6588
3692
7510
23914
12571
5665
4360
7212
20295
3140
23562
10588
16572
14400
5463
12399
15867
23481
6036
1224
16503
6502
8191
4303
3915
22986
22810
428
160
12187
9354
23569
1783
24395
4851
4175
2207
5124
19314
13698
8795
4283
2390
6335
5264
21815
13656
24963
12864
17729
16063
5672
19766
23639
16335
7955
22827
2384
4968
8012
20534
19992
20112
24645
24878
24120
2138
18811
12195
2584
11648
17310
21213
5874
18577
15391
14206
21008
22717
18350
7232
4133
22612
21690
3851
14270
14045
12049
7337
14541
18423
12837
10897
18586
6009
1714
1597
12035
23366
21004
5292
15291
18773
20848
11536
5119
14986
6585
23063
21062
17562
9246
19588
6817
4160
19956
7221
9262
23584
2885
7437
13907
16778
21434
9852
16128
2021
12309
6684
1750
10124
9810
6906
14046
409
21142
23834
13753
7995
3449
5525
16560
1670
12523
5338
565
16856
16251
15901
12085
17997
13976
21402
19461
14284
12753
22214
21331
266
18343
1415
6544
23720
1171
4419
14374
5848
14813
22616
4704
8245
16514
20463
3043
22356
4044
2325
12566
15857
20665
6899
1233
17360
13413
22591
15762
6477
5532
7756
6458
23384
11094
9787
15644
20075
18822
24665
23758
6981
9227
22530
18674
335
1201
10334
2915
17311
5850
22789
17719
2636
13427
4596
17826
1420
4593
10474
11753
14810
6242
21903
15191
2815
12921
11988
321
9342
6932
24211
11667
12270
24430
3108
14592
13281
10049
5678
9803
23268
10812
10892
6941
1341
1669
609
5962
19696
15152
10625
1203
8714
19452
17217
8897
2156
8188
388
23896
13543
11384
8846
16333
1279
12640
3631
10002
13736
8132
7517
16971
19118
14286
18580
8650
340
190
4965
15563
4887
11471
2542
19593
8109
18249
18030
5057
4349
13140
20714
20027
10819
6367
4243
4484
19922
3816
21575
1095
19527
9117
8946
11548
24156
4763
284
2089
14948
14182
13028
10138
4380
12835
13961
23119
14677
11462
9580
21919
6083
8812
261
10207
7534
1740
16366
1955
246
2593
19460
15178
82
21844
4340
24205
12728
7290
24443
9070
6007
7149
20357
2968
10825
11367
2822
3997
24386
7561
6706
10766
18355
23945
14679
2713
14134
18731
11677
5408
21232
24687
11608
6053
24512
20009
2597
14944
20479
7165
2077
2218
8247
22012
20897
23689
19057
10694
14101
16928
19616
2316
6232
23547
11391
17260
20643
11356
3911
14660
10790
21255
7381
9965
13463
4585
6275
9113
16678
1515
5318
24445
10159
1866
3645
23785
19312
3658
22046
20842
23756
18673
8120
15352
14121
1788
20843
16149
11791
24268
23046
12301
2916
18544
14323
4254
16675
7640
14024
15950
2053
19356
11852
17435
17061
22505
2031
6685
6210
608
11372
7786
7825
17265
17250
21343
18295
13598
5413
7691
25
20526
16725
17455
1859
5091
17980
2957
809
22348
17845
8730
24835
11822
20365
4515
3072
8383
13520
11652
19458
21518
17973
2036
15016
1239
24592
10203
9837
23972
10053
12613
15809
20698
22666
19170
371
3465
13893
2411
21961
4032
308
8048
15375
2322
6969
11168
7039
24705
9362
15240
19958
18294
18780
16693
6895
15166
21074
2736
1010
2417
9858
14724
6712
9675
13577
6060
22305
12933
12288
15172
22882
22853
16176
461
9588
8793
20727
16170
11535
3586
24889
3929
7014
14631
12715
23392
13798
20844
5766
22481
13929
12240
23714
4643
2227
22928
5234
23147
19076
24744
16474
17810
22094
20057
9861
15581
4415
688
14784
14211
18963
11306
14277
11904
7138
24194
21055
15110
18912
15525
21565
13612
9323
22351
14543
20203
3642
10657
14671
9412
17002
7435
16680
10492
8134
5081
5144
8333
8131
13492
989
14067
13044
7384
4456
2356
2779
5414
15359
19733
23332
7205
9572
19785
12820
19932
21382
9300
4908
3937
14122
9230
9860
13719
18158
23557
4872
23859
5424
16985
23255
14190
3634
23075
20240
10427
10067
1179
22283
19899
1031
11276
9320
18311
6966
8633
8973
5529
9402
16762
11082
21933
2942
1167
21819
4311
21888
10586
11106
15434
5486
9599
895
8693
577
17806
18641
23458
13774
24256
15200
21609
16685
12750
3480
4079
18816
24372
540
22700
22480
16360
21648
11594
19184
1064
13426
24248
17769
10459
20397
21994
23659
15462
15427
8210
14166
24362
3296
24735
23705
23716
16919
9670
3051
1705
13884
5042
11499
21194
2712
14955
23437
3630
21936
10853
3303
6668
19737
10409
5199
21956
10826
2673
6836
9608
24485
19115
19882
16078
18515
15114
16390
14567
12652
11930
21811
17207
20180
5712
4670
11
23114
10108
5807
4915
6796
4403
7991
14989
4523
2778
15872
16595
22602
12765
20234
13896
24184
20286
20637
21508
22062
15646
4108
6481
22645
1152
8989
4603
14422
7128
5083
12789
24261
22506
11387
23096
5115
9361
19423
18640
16047
10839
21192
2112
12890
2396
22352
7
984
2459
2861
4295
17969
8242
2014
6828
14114
11066
9127
11646
6560
5193
24886
2626
20664
3777
13852
14769
10929
16455
3328
336
1833
21640
23542
6917
6612
23598
24771
14923
16834
776
24061
22279
24739
22044
14822
1715
1437
9440
5222
24453
20984
21580
4847
8263
3495
22547
8405
18735
16208
16353
6286
23446
4289
9358
24407
7732
5160
5731
7980
19396
15077
22421
112
6409
18602
11979
5590
8851
3104
2642
9841
7602
12346
9754
17859
4447
22925
4565
9755
17490
3948
23729
17143
3291
6838
14419
13094
22523
994
12955
15622
252
20737
15379
15360
20772
5903
6859
20599
17961
6539
21908
17510
7420
19994
14177
6506
11949
16100
7466
1593
19966
3766
11900
2186
1396
6965
14153
10848
13337
19946
14475
15086
19514
14714
12160
1285
6671
20392
4269
16976
3547
13601
6553
10734
3378
24019
7316
6503
12589
6387
9929
20327
12268
21497
927
8181
9091
9992
5942
3747
484
11400
5059
18540
12767
16093
21727
3681
7407
11508
2022
2690
21003
5627
6464
14012
4605
12406
13136
19256
11539
2695
1219
17923
14922
18794
11587
20638
12192
10781
12259
360
3744
12676
24825
8957
1915
16764
23630
9058
1711
16110
10411
14035
14932
19065
18403
16799
24527
5588
23770
1350
13138
19627
19623
10313
6599
3663
5480
13781
13817
19519
8287
4231
3040
8454
22471
9156
18696
6026
14849
13946
554
4736
10003
24173
23231
4654
13484
1200
24177
16627
16238
16963
1464
12678
3473
9637
24849
20358
19612
17446
14000
22987
873
21619
2027
9547
8499
23843
16579
22814
4590
17821
1800
7153
10353
22379
5370
9891
13529
17025
4696
2599
17154
16244
17071
2065
13952
21635
24501
15090
13311
24694
9240
16337
18176
2544
17361
4427
590
21321
24468
22140
15726
16888
23799
5727
21616
13914
1489
23213
20228
23549
8230
11809
12124
10160
13327
13061
15594
14361
20084
10687
13522
4964
19384
15656
23387
8285
13997
23086
15451
1590
21431
23305
16164
11293
24417
4305
14642
4750
15542
4954
19529
10915
23942
18132
18435
21488
11967
5569
13762
13431
9973
8840
7234
329
15722
11713
21229
8608
15922
12873
15052
1495
22087
8293
15968
17373
19402
24796
4859
6749
12493
3988
3632
24070
4708
15368
21627
14716
17234
19520
16187
5107
23952
6207
13060
20552
24115
15993
9480
22897
20303
20247
7031
874
18858
10486
13262
9556
8064
9838
21789
11468
14474
10629
24323
21241
12182
1113
9461
6660
19258
3562
8464
555
19457
10949
3617
19304
15098
9663
17896
9163
22586
4732
20332
1888
24708
24321
14562
10257
226
15294
24658
4469
10275
4914
6680
15899
5630
9223
21276
20219
6798
2006
23341
20757
23041
15104
15392
11966
19326
22569
2236
7375
24640
1819
10649
3406
12568
17862
16379
10842
4671
6654
2243
8791
16280
15942
15354
10440
21371
17812
2624
16136
19705
17892
3717
18721
4316
13648
3052
20121
12526
3154
19761
20174
22573
4804
125
20543
3685
3323
2685
21076
4074
19103
18325
12267
20411
12928
2445
13561
14781
9836
21082
14438
13038
17846
20709
14982
15666
12684
19436
22892
19526
4624
8675
1426
3100
5455
19814
147
10712
11073
1349
5302
13823
14389
567
20103
18004
18541
13164
4002
23912
21658
901
19255
7869
16546
15927
12796
10285
4204
9452
21100
18628
18550
4586
18154
4630
4776
7764
6500
1004
19557
16045
18326
15006
11922
15390
14027
17401
16
13763
7817
12419
8736
878
17229
10615
24785
16818
8046
23958
8420
24763
23861
15328
19609
17936
12039
23816
3968
2986
11464
13269
14480
24854
19162
16597
14390
16374
12341
17589
923
1569
15990
10571
7569
19538
641
22488
2525
24502
15569
4020
7572
4742
15062
2476
5495
23103
15513
11959
6123
7636
1425
9578
14533
21381
19139
14850
20612
8051
362
9963
15405
4875
20436
6454
22754
10035
2361
8412
24135
12832
9908
5927
14895
13045
3064
11710
24847
7559
93
17715
5388
14896
4121
9248
12671
4870
11039
11237
24375
104
4699
6165
8430
6983
205
1898
1191
15050
19885
7288
17153
3596
2555
4903
6651
5838
1023
14279
5140
21053
20830
10505
1696
14636
16448
11718
19819
18960
4182
19802
17101
1727
7970
3725
23164
16109
7529
24380
10373
3656
10024
4944
19998
13755
8687
3761
597
139
21550
16445
6031
19153
22233
5212
1387
1133
965
8566
8116
1007
9544
15801
16361
11068
24552
19573
19725
11511
23340
12127
23962
22861
6352
15128
12409
14685
11361
2562
8086
7647
3116
7731
2888
10231
17126
12117
2657
3999
11808
8171
18229
9292
10147
21841
5485
13322
6938
15201
24275
6453
2600
14217
23750
12488
5044
18689
7992
9878
8396
19818
24914
15694
12659
3844
3559
21736
21524
15794
19940
6957
10927
4924
8796
10654
21796
1479
13186
8709
10549
19432
23333
6686
12235
15413
10635
18487
1414
22566
21446
4395
14884
16349
21533
6990
9112
8436
5113
9308
3894
10413
7324
11195
10245
6437
3982
13618
6913
13777
4359
21262
17408
2911
21572
957
12645
19143
12907
11328
16916
12995
4794
21976
17147
7562
6538
15939
15498
12408
10408
24470
18264
290
17315
17171
8536
792
24965
22953
12884
4740
5587
20776
3254
22536
3739
15648
13238
1758
15984
2674
18482
23997
20122
22199
12643
11255
11654
8219
7915
13430
4501
7253
24436
1520
8070
21688
18608
4836
22306
11108
6140
3560
21362
13783
22155
16801
10894
17597
11843
11444
14309
7467
11483
12476
2336
24414
15335
19145
22253
12083
3027
15173
16890
13697
12368
8613
2402
15001
15299
23739
8639
465
24959
11872
13885
7746
11507
15261
22538
24085
19411
379
21356
7878
3243
7382
23844
19342
21395
18510
6043
14575
11724
12051
1276
5980
12737
17426
11577
20263
22919
18716
13395
9903
16682
8528
19985
2691
24800
3392
24244
8830
10146
6962
13992
18258
6554
8054
21370
21825
13668
12852
16580
9429
20141
22343
3025
13531
7355
20579
15781
3976
16864
11766
22382
17815
2732
1024
2677
10591
8007
14503
2973
6315
1082
21421
4350
2804
15431
22946
1637
21969
16193
4110
16194
14289
15704
9647
19973
8195
23374
3898
2991
21764
18316
11968
1097
7643
20951
18364
19367
714
12480
1373
4341
18911
12555
21681
2378
14759
21430
10743
6777
13990
15858
2099
23744
19630
148
3451
9898
7210
23113
24719
430
22544
2478
2951
7979
2050
13735
20016
14641
18127
10192
16530
20611
4709
16185
15898
12046
24925
17945
23669
6762
8775
17760
462
19222
14839
4719
21483
10360
13114
14467
8935
15025
20771
23580
2748
716
7068
17995
7302
8078
11385
14198
18240
20470
2717
20747
7649
10863
7866
6576
17333
5366
17990
21527
16714
5289
2015
24583
19772
10938
11405
19204
12180
6744
48
16355
19621
5852
18928
65
5973
20779
21548
11989
7154
13333
6200
22631
13701
6648
13609
19857
1413
5605
22623
6809
22048
1880
21618
4828
17932
12879
22339
6029
24225
5354
16797
21422
24703
2899
14662
5988
9435
23940
11460
24416
7941
24893
24975
7135
8808
7845
14098
9173
7704
22386
16061
13464
6616
15024
16827
17355
20449
1525
7619
7295
17686
5084
13873
24382
17825
2406
24451
13953
16796
12482
15011
19974
6639
1930
12802
19743
17864
21469
14163
17221
24176
16780
15448
12263
3446
12333
9632
16649
12043
10249
5760
13818
17782
8074
6236
22825
23411
2800
8340
13766
7311
16134
8387
1100
24549
11295
13157
15213
13659
21063
1787
9352
7613
4947
4685
11034
21440
9721
14791
13947
9875
12258
23897
8496
7448
14861
19711
10802
1250
6896
3122
4468
8097
11520
4714
16405
14647
13077
8215
412
13654
10347
4688
10436
22418
6778
12658
6893
24012
19447
18083
2954
15342
22556
3688
4543
12453
3662
12655
16959
24528
15296
15824
17809
2681
20987
20182
21670
1841
15058
4473
16381
19788
19649
22960
2009
11147
6445
15686
9185
5854
17960
16299
16562
17290
13673
1575
5086
6302
332
10079
13724
2341
6044
784
12343
9483
16724
24305
9344
4514
5594
9776
16666
7660
10106
14698
6928
24903
6369
1707
6745
12328
22158
23298
12553
1446
19584
2895
5152
16169
5047
11551
10128
5924
1317
23000
15107
11678
11300
11379
16889
17688
21494
17816
4382
20666
21644
2071
7861
8425
9814
17532
15196
10959
14510
534
16116
15987
4347
871
13928
12691
6129
9364
12377
6244
20592
842
21794
15864
11143
11877
14586
10140
2580
1900
16998
23502
18371
4457
1734
11855
21158
7920
1394
1139
23993
15641
15029
15303
19866
7958
13296
5762
23378
24918
9335
22391
7541
821
23065
6734
14073
9353
24956
9187
10046
21439
15280
20169
9212
10254
19982
17665
11129
1166
9732
6444
24355
15222
16472
17399
7297
110
22724
14962
3633
2114
13974
23021
8268
1380
4587
16539
24229
12277
11252
13081
5865
1718
15338
10690
5355
7519
15735
5339
13979
21992
23159
24814
10234
24425
15042
5327
14261
16073
4592
2068
22330
17496
24289
17647
20125
7824
1459
17630
9881
13567
15179
8426
11426
22319
22121
16914
21837
1111
5901
13999
22266
16272
22761
8292
7967
2164
8506
9590
16831
1107
21522
15668
15785
5361
3031
17380
17937
6524
23789
17133
24254
9370
18216
18195
7400
5556
23334
21584
10287
20296
15237
6064
28
6626
1660
574
2505
12675
11846
14322
6150
21481
161
13955
1036
23019
2032
12874
18436
12111
12264
18107
4379
12478
19731
3079
10431
16055
19200
15325
7698
13228
2620
14189
21531
22290
11279
18719
19742
22384
23876
16267
13245
12098
1632
19512
13358
19479
5151
4753
10833
6247
4621
16115
20199
21999
195
19403
23034
11879
19216
12575
4317
23690
20496
1618
10116
8667
10909
22926
2594
24033
4498
7862
10403
6907
5159
14546
18204
13386
12204
4314
10196
21017
23326
808
5840
3992
18177
20043
13573
9564
16808
6964
1865
2321
17184
16830
17697
23944
8798
15402
14450
15255
2671
20762
3484
9831
23262
1458
7784
3800
6736
5869
20935
13277
4220
7573
6771
15985
19640
3821
18675
14579
11762
687
15774
24333
1920
8166
9303
22198
20681
21929
24074
10418
2834
8553
23869
9895
4248
19181
21636
10335
2595
24334
16384
23098
5657
21553
21748
22
2008
2265
21237
11830
15639
1573
17195
17492
2538
24948
14891
578
9030
11661
23875
2633
11375
2109
5730
21068
142
23165
6345
24212
5064
15943
4021
11399
17157
16080
3374
17704
5793
16387
10120
22135
23443
2894
18638
23187
17610
14462
9450
14409
23573
21853
14391
17454
15127
4897
9959
8833
2539
22497
1110
12984
20200
16043
10598
8597
18877
24859
14278
7266
7994
12797
17711
2389
13179
4141
8316
24354
8308
18542
22732
2640
23108
21626
21800
4307
7921
15930
10618
15148
13330
2662
16707
15350
1178
14237
6511
12912
23339
4194
4367
12375
22791
586
1757
21872
127
11336
16875
14595
10701
20758
6850
14442
7020
22554
24408
10878
14511
9141
8990
5294
19981
2862
2304
17337
22416
17836
7985
3132
23980
23723
14743
16568
17857
5470
3696
10640
17097
12365
7346
17069
20448
20629
7491
3668
19675
15603
8250
22727
22452
650
10935
12593
7997
24330
20730
16435
14704
2225
15590
19469
23858
17710
17886
4006
24866
3882
8762
12393
1053
3015
21340
11278
2447
22271
15396
21367
5149
13111
19988
18974
21746
12840
12628
19767
510
7953
24476
22751
2400
16347
13242
6865
3515
15135
6435
13246
19400
14243
18332
9199
23040
1428
15937
13711
4285
5770
6194
16527
12329
22849
24832
1384
13540
4789
15302
5209
20587
20702
9853
18214
1027
17152
10729
24161
1043
21785
2844
23886
12559
16156
8647
14718
736
24292
22414
9665
1609
20817
6536
11216
22032
8021
21052
2982
24358
3090
5063
22621
19416
16154
23514
703
12616
22629
7685
17216
4663
3426
13670
20194
7331
276
10363
13437
20123
7158
18341
20035
5788
3584
21463
24738
20968
11527
15483
16304
17264
19746
8759
7860
21009
22240
16686
23904
17802
7193
8609
5291
19674
1861
15165
11685
4226
8143
9977
1358
13905
24467
16146
1738
5687
12394
16331
10241
10055
22096
21468
23290
17382
12079
20682
24690
24310
19894
3094
23420
18308
2163
12010
24628
10178
1408
11603
16986
20323
12618
3145
73
74
23186
15143
3574
7095
12227
2176
20335
21728
13129
6039
22331
19605
16891
8925
23585
5969
12271
18477
3962
4373
2545
12980
20796
5977
7353
9408
3506
1613
22064
207
7053
410
22203
22412
12327
9733
4891
11117
12184
18854
3545
6362
17677
21020
13844
14625
6328
5420
725
16416
8630
21107
19348
22338
2135
20163
4594
22493
7848
11831
17057
23953
611
16820
6483
24580
1054
3235
5710
13469
4212
15919
16558
7527
7856
1843
12175
5537
5350
14136
8063
8811
11348
17613
6649
9672
7758
3354
1348
10803
10022
5851
23418
13541
22018
9319
20572
18032
8119
939
10420
15633
1662
20109
13084
3240
14416
13271
16188
6633
23973
3511
6308
5747
20542
8607
20131
21073
12662
23683
6270
16553
10904
8976
6720
15657
4848
14818
1359
12463
16718
12937
13172
1808
1980
20471
11591
7679
6434
19079
15406
15377
1236
6262
3860
10531
9813
20031
21042
5148
9081
18989
22065
3509
11782
13921
19714
19971
22303
15698
20861
3220
22940
16941
17556
15304
1864
3359
2766
13143
23227
20540
6271
20814
19006
12312
21297
3699
406
7778
16011
12627
8618
8739
2793
5312
18486
3212
1683
24332
11299
5898
5702
9527
3779
7675
485
13706
19636
5141
4778
20554
10738
6234
4031
24535
21738
6619
10235
1283
6252
21209
10822
16578
20238
21438
13887
3629
18736
8829
17623
85
16495
9937
12542
12647
24916
2081
10389
11008
4417
22704
22996
21087
20694
19890
20063
24864
24894
3062
23345
3990
6127
8423
10143
13445
22660
24746
6533
11701
24566
17659
3412
14126
7103
8585
7757
4324
2231
18828
18380
14611
8214
1918
1883
18734
22145
11606
3045
5539
5915
6277
22753
1421
16555
16930
20973
13387
21271
1963
23087
17105
18768
24902
23956
13969
5787
1055
16887
12663
9988
11597
1008
18421
11191
12654
24368
17854
15514
11641
5363
14326
1998
17201
10773
8494
1572
1018
12584
21793
15567
23095
12780
15317
20291
7416
16853
1953
19041
13473
14853
33
6490
1521
12993
2414
17247
21013
18424
4638
23492
13088
22562
20489
3355
12747
10379
20524
24638
6618
11472
11533
21683
14007
10018
14266
9609
16544
5270
19820
22580
4396
413
18040
19014
7048
21176
14384
3147
247
14296
5220
18554
16921
24181
24941
12800
6294
21090
10381
3765
3876
3885
15855
1682
17406
20866
17943
21797
15204
8754
1906
17512
14338
21719
20701
15014
1566
4152
9442
3714
4007
2665
22752
14106
16654
2808
13857
22434
5517
16141
19786
21151
23217
9622
21712
15310
7928
6845
6305
4327
24114
9078
451
19552
14696
5749
6829
20648
9918
4762
24383
22803
2956
5460
5586
23748
5512
6987
13819
8284
17672
5025
7603
13584
20086
374
21451
5592
20544
18980
21703
24420
19585
13975
146
16968
1106
5705
620
22144
13876
4802
11934
13137
7389
16231
9152
20395
16452
9446
772
9613
17228
2028
9376
24910
3023
24095
22410
3755
16517
14752
8999
1126
1823
8948
23883
11425
23238
9194
22014
8661
2215
7515
13378
12472
21023
5313
23656
18745
14236
7262
14961
16821
2683
24930
19189
12448
6182
20777
23136
1230
4686
14968
11509
11550
3073
24784
24342
10475
24083
580
18281
14240
14911
8698
11167
24823
17536
8804
18471
5067
7575
12170
12619
20429
7742
5740
7275
3927
23975
3086
6327
21867
17865
13566
11204
4722
17362
15278
7094
22109
1125
3279
1182
6148
11583
22294
12337
7108
10433
12816
9536
23606
19855
10113
9150
11875
7481
7215
3912
24040
17787
24653
24286
11521
11673
19000
17274
2960
14224
17965
11687
7888
9998
17023
24400
12656
24943
22258
5467
23837
3283
4973
18829
22647
23391
21652
8636
16508
11985
10125
14502
14657
23559
14907
13442
8
4055
20876
23923
5939
2387
23793
23183
22342
14680
12008
9485
4923
9092
22563
4225
16020
10856
22695
11545
22024
23279
3852
6023
21937
14905
16661
3056
20977
2003
4913
2369
9958
366
15037
7947
22772
7075
4276
13299
4331
4881
5128
11592
1834
12189
960
16261
20239
24529
1146
17107
22132
12533
8711
1981
1246
23001
18474
7282
9243
3890
9991
6051
1170
3510
15679
4869
8329
19660
2754
10778
4346
7553
7450
11019
14428
11417
369
19739
8947
19942
18313
18946
9645
5577
373
22763
5491
11883
21501
11972
18309
16368
15470
11291
19119
19586
24282
18238
7497
10644
6761
20276
1954
20353
7255
17785
12347
1689
23970
14174
9099
12286
24647
22071
10767
5883
11403
12727
18429
5205
5742
13742
15464
6199
866
16392
5216
6489
6013
2651
861
2930
6250
18632
8437
1994
13058
17988
18499
7762
22442
4067
21661
6944
21099
21631
1006
18965
13495
16018
14407
10852
5830
6276
18874
3041
12490
11923
11860
2829
16949
15067
18535
6422
9143
19045
11775
24836
6147
8059
13935
21890
12094
14435
17753
3616
18284
22767
22327
2534
17890
8279
19615
1899
22164
23890
24301
4833
20556
11838
2724
10037
23079
14497
15665
5373
7847
34
975
6505
20704
10744
24617
22118
13443
16699
12392
11208
18957
21759
9231
16861
11682
6239
4589
9766
3105
15970
11476
12992
6054
18707
2782
24069
1962
12867
5070
4491
6010
17220
2257
12895
6331
12851
11637
18101
5704
13332
8992
7650
12284
265
9592
9426
22592
8768
23618
18593
15257
21277
8878
3763
2874
1684
2180
16312
4432
24409
15140
12760
21033
1739
22904
18196
17146
22383
22486
1470
5090
16488
6253
6818
5285
7001
4143
24449
12316
20312
23415
12054
11823
19657
4957
10556
10575
11125
1925
10609
14852
20059
3044
488
19295
19837
3397
6172
12775
13489
18292
8596
23439
20645
15043
17173
21689
19043
17252
16960
23850
10972
11314
18484
2019
8821
18110
6710
24841
5260
14630
1743
23713
3576
1071
18849
15103
2130
17438
281
18102
7399
95
17823
17584
7702
14267
3534
15963
12219
21947
19765
19963
24112
2750
22322
20011
23404
3033
2579
6826
4233
2467
24041
24455
11834
8098
4619
24435
7832
22804
2446
22365
21760
1973
22739
19909
214
18312
13639
6291
19198
11559
10979
16412
16510
17963
5395
9322
9727
15973
16695
10621
16519
14018
3643
22722
2131
2085
10219
24610
17596
12198
17279
21672
4811
19183
23166
23848
22526
18218
13582
18053
20424
5666
1371
3698
3293
14344
23457
15578
11433
9025
3919
10297
12515
3985
5384
14694
16550
2905
16326
11223
4068
10542
22212
17017
7984
16230
17081
21755
11044
21337
5456
18146
19599
14041
10866
9986
8056
21064
22870
2318
6173
1143
5773
11712
14283
8632
6883
5276
6864
13287
22004
22424
7833
15227
4690
9232
10622
23179
10468
9236
20661
6395
5465
9239
1048
4660
4264
19999
14297
17992
17374
22127
4744
14023
21465
5139
11741
21940
2245
8588
21891
10999
1585
9999
5097
15745
1698
15254
13664
2872
18985
269
22467
528
24960
7049
21801
6675
14762
22942
1626
7261
9773
6574
5859
6324
16915
18219
7041
4439
3278
10295
5253
15225
19624
19800
15677
2220
427
18891
22031
11761
11330
13482
20965
4070
23216
16940
18635
5453
2300
17791
685
16515
14549
19678
4416
24279
20870
20706
1957
15599
22358
18600
4894
29
16288
19868
21259
7976
18001
12732
919
10081
22381
17811
7900
16582
9120
16957
179
23503
14053
6999
14830
16461
1616
4239
8862
1119
3177
17984
3128
1576
16214
16053
4901
24571
16008
8208
5972
23963
3551
23806
2349
6004
11052
15266
5147
15979
21660
20378
9749
15856
5643
9894
21424
5778
7968
23878
12748
2527
3971
24241
3237
8317
7233
5685
11844
3507
22422
3263
10581
22663
20458
14233
23597
3670
19110
22035
8400
12495
15241
15496
12416
20453
3192
12322
10936
343
2264
5692
18489
14109
976
2801
12723
20167
21525
880
20256
19186
17186
14826
23401
13318
19622
6700
13993
10425
16126
14076
12829
1011
3346
20742
18076
5075
8345
22985
16209
4510
11257
3379
5183
20042
633
22225
17096
3198
8819
16151
16525
13468
8238
23733
9655
23184
23632
6082
7008
3561
5121
18664
3967
22502
1450
22079
14860
3775
18458
5821
23129
13820
5434
1310
10754
20248
10511
24227
22939
12072
8091
1376
13721
16431
10696
17931
7983
22482
9229
19337
15803
7333
21156
2155
8173
14903
4546
12323
5508
673
22966
1868
17367
1806
16321
24437
18846
16481
8598
24490
4519
11970
6245
7843
1951
22166
1438
16846
14616
10338
6180
17270
7132
24751
3225
3853
8637
16275
2517
1130
11352
23668
19238
24513
11893
4738
23613
13025
15130
1659
5729
21092
4411
2241
3623
5864
20564
2610
16249
12163
22483
24986
1699
22317
17123
16083
21597
4972
3857
13340
20679
1073
675
15423
20960
9863
14355
11993
17215
3496
18756
14360
10007
11217
18270
1256
12396
7520
7663
5439
11184
22520
5444
11146
21341
21385
313
21372
8360
22936
20404
2711
330
24100
13614
432
4060
3347
12311
14504
16104
11481
18880
11944
11928
7077
5072
24499
19912
15852
1748
6154
15689
22910
8619
8595
17269
16147
10030
3228
1094
3579
2617
5130
3339
12700
20726
18778
21959
24524
17244
21012
5689
6423
11757
5203
800
13562
24072
3277
12361
17197
1797
7556
14799
2546
21384
6177
23873
17515
24178
3900
23160
7648
6535
11937
22195
15953
71
23250
21534
5763
10538
13599
10380
22106
7885
5526
896
24548
6431
22673
9966
11415
9501
11021
7794
20319
11601
22476
23050
19677
16439
7579
21592
1532
10535
15169
4956
15613
10611
18087
7388
20769
20147
24554
8873
20917
19345
6426
13860
19773
22875
3084
22839
9801
7864
224
20948
10402
14988
12151
12707
20171
22983
9079
21253
1263
17364
14815
12355
16652
763
9334
9052
16001
11441
628
15716
3215
23049
7751
15059
23223
16958
24285
6466
5301
22446
23611
23738
8388
4197
11632
13203
4319
22709
2635
20574
6621
21059
14262
20655
14183
21781
17088
23120
17909
3856
6661
9793
17554
1229
17736
16492
6344
19093
19394
11310
3111
13978
5768
3229
1729
16705
616
14385
7730
13487
3129
890
10961
2926
5172
700
10967
13674
8280
4187
19088
16541
13153
20401
16763
15789
8628
24826
9401
19815
4189
738
15612
13512
18929
13910
225
20405
12411
13335
22458
968
9697
22832
21195
12275
2868
5369
2295
14251
2824
11268
17724
15626
9493
12672
23310
45
17346
15787
18578
16683
13356
8289
18347
22027
12474
437
3526
13312
22776
12624
18172
22021
21190
1213
17887
14690
2798
4420
15282
8503
15964
16254
24966
12988
6783
13848
4772
9553
23466
9574
24591
2969
5237
17807
11918
23657
4769
13390
19365
11593
4969
17131
22156
19424
1825
201
17658
13456
3400
19128
3546
12434
3855
8883
19179
23921
24253
8165
16256
24880
12914
9899
17205
11866
15767
20362
6087
16129
24979
4132
7792
12007
978
18408
5447
7839
11335
173
18527
9011
2057
807
6465
23135
3792
865
4912
10094
6061
1681
24879
24403
4516
4599
11795
14402
17376
17702
8831
24656
9930
2556
7823
914
6747
7211
11720
493
200
21700
10247
7118
23583
18266
846
11816
7229
20559
6963
10312
417
2761
4601
20548
3941
24422
2373
21492
11428
5233
6475
8869
8879
9581
17148
5071
12383
23607
23072
5282
23724
22737
23765
21460
10090
3432
16843
3525
22944
17680
1328
24868
2813
14811
240
10404
22706
349
1357
7441
8653
13545
9333
20208
18431
16999
22277
12965
23140
18449
14835
2839
16912
12064
16766
1241
7571
1779
15533
43
20915
12635
10599
5978
6614
12000
2357
9565
5960
16972
9804
3877
22490
5348
20853
15717
24312
20874
18274
20475
20495
10399
15817
17531
1633
15426
5056
22755
3386
9500
20833
15065
24882
2489
24700
21830
15784
15233
2679
3217
11406
8044
14559
24637
8834
24172
696
18192
10310
24122
7827
17206
14359
20345
17994
13957
6805
3626
14130
3186
23708
16857
1316
255
20191
2550
13033
20175
9883
11764
3533
24105
15467
4406
6448
22570
20129
22030
1605
5683
2763
3258
11219
7004
16456
6707
15119
4223
12646
8513
10370
15093
4019
6178
6682
559
23388
12281
21449
3152
6098
6645
16656
12519
6714
4528
7406
11611
18907
2877
2108
11397
24162
5721
11534
17283
23212
16732
17296
12596
21079
8197
7124
24702
6028
16489
15805
5472
19120
24073
12194
22677
20916
5868
19787
23035
18798
9567
11913
17308
24998
4695
8176
9169
2849
6931
6038
14314
13412
17934
23828
14350
498
21217
23338
2999
10047
5882
17693
11292
21498
21938
10259
7310
11206
8848
17356
2007
5258
10749
13828
14958
12178
22681
16406
22683
14713
17617
7192
15854
6884
19324
21311
22269
3252
7417
1829
10461
627
12772
14087
20901
77
24977
23509
9386
23180
3672
3925
521
9905
8164
10975
5435
18206
3123
13625
1822
467
21802
12487
4904
17740
23699
11494
1548
2185
6072
7372
24031
13902
16739
13620
19142
12318
13455
11740
18241
8323
4977
1375
7599
3647
23484
9269
9484
9600
3437
23383
4792
12362
9642
10740
9393
7697
4697
11145
4595
22385
9035
21966
17885
4158
14590
17964
2908
8623
12276
9734
17196
7028
23702
18093
15292
6507
6522
16207
21264
22881
6750
2809
9209
13321
19887
5409
3998
15176
3566
21091
2439
4713
16438
10991
20908
10384
13408
1234
11321
3921
20632
23860
4995
16838
23192
2161
18234
19702
19127
10383
21532
2043
23760
16984
2159
17662
22802
14804
14333
4786
3906
18830
7711
3835
19219
9573
17773
9923
20859
8579
16350
6847
13218
7545
20693
19846
18964
4610
2165
10429
10796
8404
23327
13252
18272
14766
529
2141
23836
8720
2523
22576
154
17409
16840
8944
8991
2851
11765
562
23771
21967
7879
8941
13250
10026
3054
3797
5331
10642
14532
12391
10390
3022
11579
3457
11063
17029
14313
19565
9268
8079
16679
21699
4053
21393
3422
765
8424
5482
13255
4042
6624
7490
15882
22235
16359
23303
2985
17451
722
18549
23663
4689
8161
824
1970
10322
5112
24214
14050
9859
6079
18262
15300
21398
3916
3470
4202
14921
3112
2656
5565
23059
14139
14204
10805
16942
5295
5936
15030
606
1278
21559
21177
2840
6452
10578
7502
3436
19641
202
7591
6496
6192
5708
11260
15479
14529
18817
13747
9827
9864
136
10613
15991
12285
1266
16664
18844
13918
955
17224
18188
6666
19073
20735
20367
21678
3028
4991
10462
3200
23104
10057
23929
13937
4979
19522
19889
635
17395
22349
94
6613
3324
8932
10058
18524
7799
21817
15846
13578
20201
20220
19691
12211
3431
15023
3659
11210
17935
15871
20285
15397
11498
5428
12855
15592
10308
4312
24099
584
6310
19351
24434
22419
24267
422
19133
258
1791
13667
2837
15332
10851
16973
22783
16428
15056
20418
24183
19022
24924
12740
1261
3518
23644
17788
13590
6830
9218
15226
15239
23137
11389
16346
18339
18760
6019
18714
11819
24295
21268
3219
1540
2090
18470
15238
14008
4535
24652
11569
15153
16523
22811
20518
4321
6758
5823
10820
3734
1227
7447
13257
18250
10326
23673
18993
168
14242
18492
9820
14105
5219
17549
22255
15121
19084
9405
24042
4984
6131
11485
15835
10836
17298
22205
14653
9057
8986
15003
4390
16190
1468
6176
18460
12073
7352
16554
9460
13367
16367
16010
5332
23386
21117
81
13569
24284
23220
21740
8367
6378
1163
16721
9075
24203
2100
17692
5277
14366
17181
16215
14890
10321
10970
20346
2392
24327
4211
23395
4037
19407
17338
20506
15734
10077
17158
8776
12255
819
4937
7587
17284
15162
13843
11453
5639
19090
17493
17871
23269
15487
12443
13393
23694
532
6406
10732
11345
16586
7137
12036
23915
13710
20743
3357
13898
11218
6960
11781
13592
6092
7057
18766
6296
18738
19827
8178
2988
19054
16212
23783
21071
23128
22648
15412
19329
5919
3602
2947
17476
21586
9563
15322
11655
9800
16885
2313
8801
10896
2608
21578
13145
3827
19497
9016
4052
15522
21478
14149
24106
13433
20294
24976
16475
3316
22799
7159
17634
18521
14104
15692
22874
3605
23294
19961
1382
5231
15493
13274
21027
23346
5797
12146
13499
9694
21138
3260
13294
4640
2740
19570
20007
11826
20516
22224
21030
19934
21433
4157
8744
5000
12856
1692
15210
14693
4655
3318
22540
7582
11927
19515
18624
466
24149
12762
1212
19844
5568
24345
7403
22541
21380
24581
3661
7084
24132
6219
9819
21503
23853
9415
23556
6541
10841
14984
6498
18701
1709
5975
13840
13470
19230
18551
5785
20598
6491
7809
16152
15047
22070
16692
3529
16794
13075
17762
21296
3391
19026
20370
13474
227
9397
20978
16948
20464
14980
3017
15081
14792
5631
17622
14395
5093
1465
24186
3441
18407
11408
10214
21920
20924
2309
13290
23456
17970
11656
3907
1568
9327
12785
4899
8568
19357
5274
13861
9472
9100
5843
2541
8582
19997
21485
3731
19010
5125
16243
15265
20662
12183
22779
2102
14845
20204
2254
24076
11774
13682
13466
17955
22748
16786
15460
22701
23155
13631
23089
6664
13833
6012
13944
698
8216
7557
23211
11876
11227
19564
10428
8260
23162
8910
6543
23233
23812
12299
24381
23918
15061
1309
20986
16548
2450
5176
1059
10747
5897
19805
992
10438
6283
5275
14259
3537
2275
15706
16866
3829
23022
22315
5581
79
3684
3485
4342
15428
4927
7708
6643
7989
12756
17827
19072
12685
4323
18498
21985
7347
7453
8648
6979
15435
13026
10202
3571
9764
5998
14991
7166
2786
2856
10759
9279
13256
23553
22600
5799
10204
8515
16788
14446
15913
12244
1816
22417
11911
659
10661
17578
7351
18645
5330
10292
1589
1491
8510
5986
24627
11495
23239
5451
18702
17953
16345
3840
23581
4017
8348
6401
20993
599
236
20596
12504
11881
4588
18062
23510
7969
10995
22867
4584
23802
13732
16460
5635
17975
21220
20417
9847
17076
3286
20322
11882
17594
2783
9285
12306
10655
20567
20953
18289
24202
18221
4618
7696
22879
12179
6032
3310
20722
6303
16039
17136
13726
18397
2791
21953
14856
5933
4107
8940
11815
2094
21896
12190
16204
2613
16327
18805
11726
37
2034
2274
16708
3294
2153
9167
8296
817
6256
12412
17538
21713
15469
7740
18478
18871
257
6371
2397
21694
24682
18899
14650
9900
18068
2184
22963
8344
4262
4857
2477
21426
13457
23353
23922
22445
14551
11239
11658
1647
9475
7259
1403
8341
20863
22375
15952
23934
8602
12641
5894
21199
7199
1875
3092
16787
9606
20508
402
17583
16907
9107
23139
14129
19482
4993
23028
11118
350
19670
20792
9023
2825
20834
8853
24250
9777
4287
11784
2883
23397
15504
376
9235
3096
3080
24906
11960
11707
17580
10422
23477
788
22093
20824
10821
15432
21989
1810
9778
2742
17674
1
827
21806
23903
20111
22938
15568
15182
80
20614
7655
8058
517
14795
19948
8167
14553
4177
7609
17844
16307
11386
5831
20957
5541
9949
18784
10879
7588
23591
24326
16228
13789
12212
20381
6114
7634
19456
16423
107
3074
5446
3139
23487
13894
24808
24954
737
12521
13965
11333
14652
14353
3057
4281
11151
8975
3981
18016
11770
7085
2096
12730
2819
21757
15150
648
24996
9336
17883
18537
19770
7917
12137
11007
11514
20690
9045
4174
4545
8670
8207
6175
4009
18054
13803
17900
5624
20811
23205
17801
18296
5223
9443
6237
19879
14668
20326
10074
1362
10737
8126
20104
13486
17607
12560
12481
6104
15981
11000
9434
16344
8863
17413
9797
21709
7239
7813
11240
5964
16995
20710
13425
8794
20689
3541
3637
10908
20749
19680
5816
5617
24079
8461
22261
20465
2810
18612
18853
14372
21542
3136
9611
3351
3382
8857
518
9302
10419
6793
14742
7528
6722
5423
20584
13799
17034
16108
22104
22300
2066
3790
23249
9076
18653
21257
17550
1936
2040
13494
9557
1607
263
10145
17258
23624
14382
20515
21223
1444
2291
24547
211
6687
13185
13324
13948
23434
3121
18043
18808
17534
7186
10423
12634
22478
12878
7595
14870
8090
18386
10348
17113
9380
4286
1675
5514
17031
24487
7480
9280
11188
24424
18959
21897
6460
5432
21859
4953
19224
4252
10666
17509
326
24192
2955
3068
10139
6266
14100
2045
22252
6615
16044
11709
4783
5668
10164
21561
24575
6521
1887
10080
6231
5938
3740
16749
1668
3483
16071
19505
16982
24649
24618
9341
15920
5804
6329
21183
2271
24543
12295
2715
20804
3438
15992
3607
8683
22395
16248
19813
7930
3682
6414
19967
15684
20015
2846
825
3832
5218
5169
13977
1751
6842
23908
2272
16023
23846
17894
4466
9466
18589
19002
14461
8849
5618
8127
16348
4632
11779
17294
364
5953
14118
8111
23236
12456
9842
12899
3804
3807
21106
9164
15321
24302
18559
19551
13355
23880
21108
9002
23901
14683
18747
3030
17834
20586
16601
2166
18852
12186
2427
12202
836
3209
2752
13785
15683
13500
2465
19454
10783
16496
23527
10587
19105
4095
24602
12158
9372
19410
24786
10092
15661
15604
14640
11794
9272
22579
6203
9610
10893
11089
17150
9584
12460
2061
24860
2875
6330
17183
19672
2547
23498
15591
19825
8662
2095
15928
3155
10870
2720
7935
3787
24678
1080
5303
974
19873
2048
7307
2354
8273
20832
13865
12603
8769
15616
13685
16951
1826
19182
507
19501
21729
10021
9252
24565
14894
21620
6238
23454
697
598
23393
18277
16415
1322
12708
12420
7076
2173
24813
16771
3475
13845
10163
298
17
4399
12260
17038
23608
2486
23764
20371
24973
22891
19618
9391
22819
10555
2614
8222
14376
3138
16790
6103
24218
14488
23746
13208
21127
6153
12556
1183
8906
12075
23173
4843
19125
16537
18558
3211
17628
14449
15895
19938
22437
10775
10103
14188
19511
10001
135
21753
6307
6167
9467
744
19409
24588
8854
2518
17795
15628
18643
19051
11827
6450
19913
1621
23512
19191
7325
10023
4023
4600
9916
15896
16772
17690
22291
7294
15821
24222
10482
1149
3150
15555
13233
19854
3046
7181
23552
1228
21044
10837
22965
23407
2338
23260
22174
21489
6404
17125
20549
5248
20118
24579
24839
15054
15384
13251
12402
20272
15205
19445
24874
16898
24252
23768
537
24599
5353
4113
18416
19869
16526
1417
5323
13461
12709
18018
9278
2319
16990
16711
20305
18741
23571
19562
5542
6933
12057
674
24116
1986
11991
21247
21299
3317
20407
16090
16605
3655
22237
14082
16528
6356
12427
19086
1612
11454
23603
15749
6563
18356
12953
10716
11801
14089
17003
21457
15634
20800
16223
21467
18705
12095
17615
14522
15458
7092
22136
17591
10224
18225
3203
603
1077
20513
10513
24684
17267
10200
50
8690
10928
17077
423
20818
23519
17853
21777
23052
19192
18106
10473
14746
20082
14079
12580
22535
3665
18220
23425
18182
7412
24291
6953
19523
17957
2380
6006
935
8590
14404
21591
23711
20974
13278
5872
12233
15438
3613
14688
9359
6593
24624
23857
14952
15967
21544
20773
18761
10662
4780
1755
18276
12963
19425
16634
8907
22508
9132
18413
9740
9288
9604
10283
15673
24677
11802
18832
24349
10415
19577
740
12688
13176
19914
3176
14253
23092
14025
19467
13523
1220
23529
13988
23132
21418
17420
828
2548
19346
7428
2821
15230
2818
24036
15763
23865
9427
3865
9970
2038
20099
4136
1814
794
2880
1960
888
18739
23894
21846
3909
769
24494
2311
8958
96
11264
14731
20873
15453
519
7064
23731
2013
2945
16052
21696
12868
14678
22451
16757
13629
9944
15662
12828
21266
12193
24923
15032
23617
1661
8331
12961
11196
9207
24904
24742
14317
3657
20004
23349
19243
6782
17434
18693
18392
12712
9459
11715
17140
7182
19066
11861
10920
6443
13420
2421
15625
13235
2870
1085
5204
18232
16587
15202
23447
66
16027
14429
12126
16964
15548
481
23576
17737
10238
10934
4093
19334
2126
3295
10098
19331
17218
3444
11969
15502
2621
12444
6790
13707
19336
20198
22773
6442
24830
24067
12682
21101
4339
3194
13021
5798
18606
5815
21685
10815
11423
2710
18502
17254
16642
4512
13363
24346
15900
8617
4292
20324
4000
14090
21471
7623
23036
10714
11050
4105
11133
4443
20091
10953
19549
5156
2814
21243
5079
64
18280
203
19804
14628
6246
12376
6698
14033
11465
5811
14496
24469
15133
19620
1919
23309
24014
9423
17723
1451
12499
20460
13374
2953
3664
5912
13767
898
21904
22399
24715
20573
12788
8970
4147
21355
22206
24788
13872
13260
16559
11902
20782
10956
18368
5661
12342
19122
7525
11595
9398
16882
17951
5856
9519
10387
16795
5732
16130
18648
16931
18513
12720
4733
12888
11090
7884
20797
7526
15874
21547
12947
16817
6136
9774
12236
3102
6547
2302
8485
24807
513
21236
8610
14369
23759
15519
18647
11479
23214
14888
21001
22366
18865
5132
19083
21146
21804
2830
18084
5416
11891
14897
20781
22059
4819
17179
24621
16837
84
11025
20428
22984
24931
10212
16988
5155
21898
22439
1574
2144
24357
13207
4348
10416
19927
12910
9136
1269
18293
6580
5194
14140
10552
15035
15415
15066
23350
24238
15008
13168
23810
15376
8850
17564
9807
24991
2262
12758
14825
1580
16357
8778
17521
7427
12464
17745
5479
1627
16644
5841
6882
11940
19778
7273
20410
6314
602
17122
8861
5564
124
18569
24340
6358
17570
17907
4803
7834
7110
16250
14736
6474
7225
22507
21306
21747
23776
9657
19386
13793
23169
18304
13936
15461
11033
1530
24224
13869
19166
11888
8689
22640
18588
20252
23693
15208
20930
14165
21934
7011
8556
286
3724
12938
15879
7125
23946
23414
8525
21348
1501
13440
7504
21238
16054
18563
5382
14043
2330
3813
22037
17188
7933
16300
8061
4627
3322
18642
22518
12971
18244
9241
4255
7429
17618
4920
18605
19500
16653
7291
24834
14003
19401
22656
17891
5921
299
22974
3216
11313
24648
13162
2497
21256
21304
5116
6669
18298
17565
4330
16694
17735
8457
20707
24692
14401
6332
22128
12093
1364
16975
12918
2260
2934
9188
21629
8867
5786
3910
13800
1506
12372
13908
2655
7223
6022
12437
24082
7242
17431
21269
17253
16641
21163
15881
18406
10745
21325
14862
4653
12784
16574
6223
4747
21278
4892
13771
24567
20250
11355
18512
13549
10925
24843
13911
7271
23508
19738
12693
19176
15214
4906
23047
20565
17999
57
9131
10490
20943
6137
6350
20452
14092
14957
10993
1091
21885
564
3756
15313
20533
23949
24242
22745
6122
12801
6769
18799
17480
14572
15627
4866
23800
14305
4547
15175
15848
17669
24787
9753
9255
6382
18827
22917
9145
10011
22970
21109
11051
18290
630
8638
12714
11197
16870
4179
16081
11948
14482
11144
3554
5555
18494
23085
14103
17394
24964
4885
22282
8921
8524
11179
19343
24989
3085
22735
18744
21735
7267
19544
20299
14181
6973
23829
21392
5490
2668
5224
15975
15343
13211
12525
17297
7765
17904
7822
9178
10791
18614
1346
20249
23246
11694
7080
13903
11733
22850
8881
20006
5733
1774
5410
22888
3471
19553
1985
2183
1934
3348
17440
5383
10172
21401
2301
24043
17837
5094
23725
24544
21218
7475
14596
6101
7806
8962
7670
10270
17090
24236
14280
7265
6605
11778
24675
21838
18011
23390
14469
20947
2137
5356
7971
22711
46
14747
18415
23328
5746
4092
3352
14712
837
12116
23277
6261
14057
14160
18683
12090
6620
10677
13475
693
20088
18370
12529
3448
11727
3695
18473
16325
12155
10142
5265
18970
7365
9897
6017
23201
22429
668
13373
1368
12201
13282
9715
1121
19078
21594
434
12931
17687
15312
6689
12631
5195
14364
10941
17473
17925
24412
3845
22833
24139
7401
14298
17758
15096
216
894
12632
12848
4919
13369
4734
11303
22795
24831
19635
4159
18727
24698
10862
13171
12431
24758
5694
1195
4304
8818
14868
6787
2607
22595
7046
15253
23011
3646
14276
176
17529
6209
19281
11273
16369
10617
9497
1942
16150
8141
3875
18118
1072
12357
2850
5088
9282
10891
21379
4309
18303
5129
16733
16257
11199
3712
23209
22485
23247
14031
23822
4634
20849
15840
22662
18607
8938
9295
14689
4550
13506
22091
16102
15070
23892
8836
3187
24995
17192
10256
12894
1218
1066
12262
4294
23133
24091
13805
5984
20724
2468
10641
2509
22728
14516
1034
8620
15144
19085
3455
14320
17535
7521
2331
21228
21892
21119
16632
16012
8295
22407
22845
3415
10763
9706
12442
2154
9942
12939
14778
7506
732
17159
5165
7470
13223
3269
16375
17068
4480
18906
381
5822
14904
22460
19604
19886
18369
13435
15636
4245
1726
22585
14649
5900
8660
22143
6814
1522
11792
12364
4764
18069
24876
15640
19801
6715
15744
18267
1796
14966
9281
23645
4529
22971
15295
145
52
22015
7815
5228
1997
6106
18026
24050
9056
15497
13227
22575
18480
20991
6753
5043
14210
24926
18367
851
18020
21695
20173
7309
5333
20568
10546
7477
594
11469
8541
21829
18145
13115
10487
17876
19152
6609
22584
24255
20846
14094
11243
18230
21167
1617
10847
5715
6278
17463
1667
24523
4918
16961
3669
24883
21543
10104
10528
10986
11933
24597
19643
15088
12080
8952
7790
6772
2714
2017
10311
12161
11142
23634
3585
20074
24531
7830
13341
2755
12021
3718
13080
24507
10631
7961
9713
11354
921
12421
6820
20933
7665
17349
13453
21349
11818
24521
21545
21502
15534
3443
9978
8156
20223
7597
14638
18299
24448
20570
15746
12197
2871
15752
1551
16592
19417
13923
24223
10865
3107
12651
10062
9780
20351
19754
21477
20195
7141
15780
7194
18881
13679
13826
14184
9924
24917
15346
7235
183
17316
8902
10756
7099
601
12842
971
6594
11113
24891
10638
23482
6930
5574
946
9674
10236
7293
8183
4308
18263
15620
16723
23791
16932
21922
2762
9367
17824
24623
2084
14397
11079
14307
6513
15682
803
4078
14959
10110
4935
14732
3478
6073
21150
18914
11091
14202
22284
3413
19920
24065
4465
6919
10267
6877
19633
10990
24182
4065
24576
20064
4385
14009
17598
1924
20780
21330
20725
10937
19464
13458
2211
1567
17329
16833
11817
13675
9756
21157
9508
19459
1032
9765
3697
13497
19339
6699
4936
14343
22529
19369
4767
4094
2823
2335
23421
23357
13866
15958
6066
22555
23594
9445
5576
16155
778
6058
18393
3932
24696
20314
24385
386
20047
5928
21554
1249
22492
21139
20750
876
20630
1484
6093
11416
12860
4310
3955
2557
20343
20251
15195
15232
5951
6519
8032
10718
2943
17050
5426
17194
14914
6800
23685
4541
9664
22019
7226
19639
15670
1430
22360
16504
5902
9976
18678
539
13120
22110
8003
9893
8101
6377
23422
15863
6942
20545
24276
13347
24560
22151
19063
8471
12366
16862
16501
21305
7626
18860
21664
19490
14827
13557
17437
10503
8472
658
11516
21280
5247
22567
16033
16744
3268
21032
23523
2314
9299
6388
23314
12338
2424
7236
11169
21538
11869
7934
6117
13690
11589
20385
4072
11739
655
23682
21022
13259
9017
23563
8363
12159
5268
16401
8542
21208
2375
3996
3847
3527
12071
22622
16863
15440
21493
11377
5402
2046
22607
23692
11835
9856
2179
8519
13971
22296
7183
5718
12599
4433
6565
16138
22105
12162
23007
13224
23427
20080
5261
18186
10965
17350
24017
17444
18910
3709
24140
793
12216
20128
779
8458
19303
3214
18712
4335
3410
1702
5918
24293
9469
14812
21923
15707
19556
3117
16967
19017
20267
22903
3881
16319
23926
17327
20838
4076
3810
9669
21155
16259
475
6135
13338
21387
24030
7734
3119
8799
4784
19392
4130
10828
7627
16484
17772
19101
20372
2749
20576
2282
6779
14926
9385
19763
10280
7977
18723
15145
22428
17670
13704
23398
9806
12615
9437
19979
6281
13122
20079
1538
14600
7391
11732
22863
7083
15465
15124
11214
986
9555
17328
2364
14341
22043
10713
932
14793
5968
21958
5019
3493
533
24039
19898
20275
4890
23006
21812
886
19925
909
17035
16575
15273
6916
15097
7104
22474
15798
18419
741
16113
10250
18662
23849
23991
21310
3396
21998
1623
22816
13113
16441
18171
3578
21842
11946
6678
19398
7768
1003
10948
5567
10726
1873
21613
23807
9636
15561
23539
15619
15756
17926
18500
11157
12438
636
2056
7072
21069
18764
1835
4481
15926
13591
2510
13
3226
13297
6868
19028
5011
12424
5379
7144
21159
12792
11338
4291
11470
10180
12713
2334
22581
13187
15865
1047
11395
8473
21246
15658
18769
14275
20072
14049
2933
7820
17696
22137
10
18457
22425
8832
15251
1821
19619
17120
24631
2958
17763
346
18105
13552
8815
1029
9832
10237
17357
13194
22702
14686
5858
24309
18777
8380
445
18922
2582
6989
23628
7653
152
23885
23329
22934
17091
13002
3024
18208
8435
6304
4812
14252
15005
4050
24365
18065
16086
10377
19211
3710
8244
22033
2496
9722
22028
24932
9828
18448
3423
1042
4999
20636
24603
8000
12527
18813
22210
237
12547
7102
169
2896
10510
14691
15429
14088
19842
4666
6204
2352
2756
20499
11920
23864
2585
21986
4674
5280
16365
11185
17849
12292
18222
10222
13608
21821
8641
4652
10557
17098
12297
24259
338
18587
16911
4454
14418
18722
19750
12604
7785
7944
15503
822
8785
22182
12892
7174
23497
980
17412
7661
9593
20595
7105
9034
10612
10760
14072
15289
18346
899
12436
8797
16433
5461
6215
10514
6504
19027
9425
21662
16385
2270
10527
19291
19607
5118
469
11615
22380
14473
12681
10702
21272
14848
10911
12222
13416
11952
14780
17910
19372
1334
18042
9038
16306
11750
751
12248
4820
17366
14975
11186
11756
17777
1292
15485
13507
15539
22549
20896
20356
24064
672
8539
23781
23126
9215
17233
24344
9245
16459
375
24745
9751
21982
18428
18112
6646
15886
15505
24498
2716
19568
2923
12850
15841
20258
3687
16157
22565
19539
9154
3452
15026
7224
18123
19070
20519
2569
7805
3809
9182
18692
22784
1321
13970
2863
5892
5496
7564
20723
1197
22050
7614
1688
671
20686
17679
745
22643
6021
17557
21739
15664
12674
24447
15249
14588
1830
1480
5629
3248
1391
23672
14022
5989
18856
10665
1892
3946
14539
18161
14941
12350
7831
18117
1798
1141
7712
19268
24153
13890
19919
11040
6813
6789
5344
19385
13751
18366
8322
22721
7321
566
18157
17117
2194
13167
19196
23961
14044
20095
21307
3850
10883
10374
14415
19903
21112
21718
14555
24767
9491
2500
1181
1365
6030
9315
10506
8688
20778
15399
7645
15084
10476
16684
7472
10243
17852
23367
6284
20784
23115
22108
18650
5352
21412
10787
15575
11965
13647
19058
8065
7150
15669
24958
14956
20858
6287
9346
4398
1457
22150
101
3975
19719
5127
22957
1361
5013
17928
20963
2826
31
20940
3326
8307
20360
8378
982
18639
7718
20871
20553
5443
17678
19596
5944
10460
3728
10845
8928
3156
10102
7482
1074
22162
16217
16279
22561
16084
21172
2297
9021
18797
16920
14519
10564
21847
4876
13090
16706
15073
10626
9226
21866
24294
10594
6670
14829
13303
24022
18918
18818
3273
19298
13398
2149
20269
24363
19908
17643
12636
21697
13403
17968
24873
2261
24801
22661
24219
21078
10899
2932
6014
2644
1208
18169
102
2098
16414
18676
5904
8392
15929
10748
10906
15541
24564
3320
7344
15331
10827
18193
23633
24573
22000
16709
8448
1217
1492
6659
6656
7071
18991
9108
20634
18256
2845
8137
9366
17560
21950
1765
3305
4955
14877
10296
13900
24511
12702
12088
21397
21730
21120
16540
24463
3472
7379
11162
6549
6282
8706
13182
4073
20615
12513
2105
17503
4527
10271
21447
21874
14245
11277
24010
10518
6235
22216
6132
13538
22514
24489
23351
21776
15574
16566
4026
5026
12534
8704
12340
9198
15645
11265
17199
10208
17433
8781
6528
23947
2142
3556
3158
20137
14282
5673
2181
23534
5263
1335
18307
13752
813
14875
11488
22297
8318
12637
23428
8892
12136
5477
16879
15281
21359
17898
14610
4735
1999
3550
1780
4277
18943
23626
16626
19606
18008
2091
16050
15416
3224
16476
18151
20012
14274
5744
22808
14175
23125
16265
9510
645
18058
7336
5005
9148
3892
20867
294
21960
7462
13882
20450
13505
15962
552
151
15544
21188
7821
22172
13626
22813
10574
20972
20850
11618
12742
7394
4036
20380
12234
218
7044
21333
24980
931
18636
4430
18180
1102
21095
20815
22654
2206
16730
5726
21653
24942
13479
16225
22333
10861
22642
10220
21832
8749
5191
20469
6461
16741
23071
18137
20989
18968
12960
4166
7494
12755
24803
13551
21792
18954
12862
20466
5317
18603
18125
2294
4336
19892
23315
19377
10810
10601
17008
15407
8764
4463
10706
2816
8905
5783
13103
17877
4104
735
18399
15790
11341
17525
393
1065
11943
327
9441
8871
132
15884
18740
20795
24273
15812
2381
2901
22111
158
15245
24493
20927
11578
1356
16274
19554
20400
13665
357
16103
3593
18336
14367
14584
11086
24773
23259
12086
21868
18953
24328
18469
3133
19720
11788
14111
3118
15611
3908
16499
3581
18203
5288
17046
6617
11098
15475
23289
15607
16434
13756
12614
2660
5262
4966
10154
7471
16058
231
19047
22207
8945
13563
3327
18121
14538
2638
19233
21568
16673
9172
12583
5062
14581
16342
17488
20435
23779
11914
3721
10137
814
13555
21179
6421
9421
24636
10688
5535
5394
22461
2757
8550
13096
7457
2064
13210
3
6273
13424
12455
15370
18792
22571
17001
10364
20347
908
13886
22017
15105
16545
6517
15446
21955
1486
13102
6033
397
12176
23700
4570
4739
9032
21628
2987
7069
11272
8018
12922
19030
22005
8980
23747
19574
24151
23960
1159
12562
8742
13118
4985
5036
6495
21995
11586
13989
472
19226
21921
1847
12925
21102
11004
13320
24028
9696
15199
20523
18997
9840
752
5725
14727
9551
19729
20589
10515
12433
15494
967
10167
3708
13089
12639
19250
8421
9870
17792
38
21419
4641
12118
18615
2248
9582
19173
1790
19900
4479
852
9956
22542
8180
11669
16282
12492
777
19587
15667
6108
20582
21993
5251
11708
19290
561
9691
10318
22582
2104
9317
3097
10728
14272
22655
15287
568
832
17916
5877
23020
12514
3181
11906
12793
10800
3979
3757
15940
6901
12181
19699
20209
16608
2124
5600
10843
10669
15732
12153
7414
4707
21600
24695
9767
1642
3394
19661
16464
23027
9660
5751
11270
13942
18516
7632
4997
12778
13669
924
7966
1876
13225
19104
14560
5213
6716
2404
17713
14016
11331
23640
19338
5931
17768
1436
10091
3539
9888
11580
10152
15815
17917
6133
4451
2866
18958
14454
13485
6297
14464
10115
20189
5009
5612
17139
9340
1989
5637
16697
3960
1786
88
19089
1969
24089
10012
21290
15579
17718
16352
8241
14745
21328
21839
24215
3372
18321
21917
10359
9737
3184
2734
2852
19796
8088
17369
19834
2831
17593
12979
9710
656
15902
21539
16738
16454
5700
3110
8645
900
5845
15075
24021
6001
2971
6268
3963
20675
16171
17751
19935
9679
11885
15163
6718
16088
14591
4369
7134
15156
5368
11825
3575
17257
1671
22089
5906
18765
8160
8963
2630
19111
6255
19991
23587
6555
23600
15449
13677
22159
4700
11410
2051
17336
5328
22408
23416
20938
10350
21072
16021
6935
11518
14406
11552
12374
1904
253
10590
7570
11014
21633
7690
10998
10179
4749
6208
24304
23124
22551
3404
14432
21293
8751
19949
12056
12825
21530
10868
22016
15911
22712
13066
753
13385
20338
4755
12140
20454
1374
1877
3148
9865
2388
22707
15064
3036
3213
3531
13307
16200
18572
20083
23275
20705
23219
3819
16091
23465
16465
2722
19735
3893
24287
17085
3408
12145
20406
21404
19700
11099
23589
4668
11602
13607
13634
23171
22060
1336
8520
11434
23174
16003
17561
1879
10302
18097
16038
15681
10484
6665
13450
17423
742
13448
23568
14
14751
4205
1657
11065
4120
11572
19838
12877
885
14682
21768
12108
20536
2484
22905
9067
24078
12972
8927
4572
18909
9984
17387
21769
1610
16828
863
816
1176
13107
629
14169
16030
6807
11139
4986
18136
8710
9155
13067
13537
10568
24277
22644
22183
10127
23068
12683
11717
7380
8104
15417
20789
17261
6929
23595
21314
24561
1753
12543
11127
10963
11478
2488
8225
13331
7431
11407
10206
21791
17295
12401
19721
6195
17020
17471
20914
24141
9471
18382
272
19883
22211
1385
12810
22040
18217
24496
1719
12485
4489
14788
17903
2115
4939
2223
19053
19116
21234
11980
1725
9602
6494
15830
16745
20654
7455
19928
11942
24406
8275
22336
9438
22069
11686
11635
6024
19080
15132
15859
18939
7908
8664
15908
10316
18878
9329
13587
12082
20245
2327
19809
19598
7243
6149
17530
9673
10215
478
12256
17132
17300
23931
9314
17933
7047
6373
2827
11436
23528
19376
17919
19915
1223
17569
7622
21254
11124
21207
12037
15463
3836
14612
1248
4658
1694
15512
6365
361
3435
19056
15585
15892
7430
11605
19601
24614
3899
6472
14142
8369
4680
22076
10809
4723
22448
7157
8699
17191
3914
23479
5297
14723
5684
10854
334
4122
22913
15445
16573
16049
10971
12743
4925
889
631
15708
8872
6427
20967
12115
16953
20379
5481
21857
19234
22876
4882
3726
23749
11557
18658
14514
11005
8224
17093
12237
4397
20229
12661
14673
10529
5790
21274
24680
18481
12565
10877
5238
7807
449
17397
5430
19790
24594
18913
10260
14487
17744
19112
2259
20233
17501
12741
17358
24170
12066
1161
2078
16296
22074
21455
11393
15408
10061
17822
21945
7508
22387
6348
5796
12220
24731
3205
2747
16681
2237
9614
1288
15079
12055
23157
24319
7781
17353
19021
19435
14836
22376
22611
20003
23889
21496
3245
6569
21097
8493
10651
16759
3628
13073
5899
455
7037
4452
20364
21854
22959
5667
2882
21509
13981
1194
3702
3833
10703
10608
16332
18902
4495
2298
11812
10197
19730
19195
570
21878
3179
13006
20134
3954
18342
8419
8726
4421
18135
13158
23790
21214
8384
14987
23226
10455
7050
13476
6449
16031
16994
7924
14915
10913
5190
7654
10721
4215
20954
2413
12026
24582
15221
14143
17456
14859
19389
19567
24347
18194
22719
17635
11020
7188
24779
17210
2959
9321
3249
19358
5500
6156
4476
14029
18349
19676
11748
6510
24757
23182
5589
18464
13544
4001
12462
12703
13139
10918
18961
2230
13642
3524
21289
5573
22723
19634
431
8213
19685
3940
6655
17516
3034
20224
16737
9210
16623
21429
15696
22674
4029
19926
8309
22869
7116
5300
884
17938
15274
9189
14308
17054
24607
5551
24389
2641
17962
8175
99
24369
728
18362
9048
11532
229
4702
14081
17709
10268
6603
23
7017
12429
11302
23950
24353
1947
5153
15582
8071
7167
1151
5164
17552
3411
15459
24465
17506
6857
2000
20964
6717
9051
2189
20287
6311
13007
7056
17016
17764
14421
12265
10078
7016
9348
12497
23916
420
14197
17522
3722
4470
20641
17299
20046
15139
23485
20133
3163
9726
2059
20620
20280
24821
22281
13835
8757
13478
6240
6142
22134
18523
24439
6069
15747
3723
7703
6743
24038
12830
23655
1650
2383
23316
20992
15680
15748
17537
20089
20270
6726
13357
10278
7317
15076
13091
10799
16929
53
7486
6600
15738
3309
14170
9877
15108
10294
1222
9365
18493
24126
18111
22095
12157
23431
4628
13588
24054
15608
5001
15414
307
17640
12602
12500
11491
8771
7916
5182
1528
1313
7895
20342
2858
19560
6976
15965
17396
16900
19236
4299
17383
16224
150
10133
1398
23796
8845
16612
15476
7942
24016
6375
21871
1872
21668
15272
14423
24721
16823
4288
2606
670
8052
20090
13298
18379
16002
6497
8256
20910
2479
9822
9499
16643
6880
15905
5595
8286
6579
21505
3776
13134
13415
21651
14873
3114
10463
15511
17752
17652
2995
21555
2897
20127
7074
19689
669
14931
10019
13236
3196
8050
22230
8395
9762
8462
9707
5032
10522
9845
3770
22469
5376
20483
20854
6909
3440
16606
7667
19662
2601
20048
21164
2648
7445
5833
13709
21570
11431
11308
6959
13284
7341
14717
11109
2395
15720
16096
4128
11081
10064
5966
4975
7024
24643
9869
14246
24752
1756
18059
16062
2737
23161
18681
11767
8548
2949
19071
7368
8149
15002
9907
1644
13972
8828
22103
7819
6306
9068
16324
5941
5074
22247
7343
7753
7618
21835
20434
7795
4024
24361
3583
8558
8800
9121
7009
20181
1886
13319
746
15019
6318
7726
23928
1199
15754
13404
5473
20412
6316
16783
20945
17574
8037
1083
24568
11126
13606
12257
4951
21011
15329
904
23721
7598
20301
1938
18644
23038
10653
19653
14238
2552
7143
18340
14783
17683
19580
21425
15177
10063
15912
13200
23283
23545
9431
273
10213
19797
23343
20551
12697
4751
10056
2728
14996
18804
19989
15870
10309
3302
12695
6482
14318
23842
10087
21203
1132
16301
7844
5651
4279
18344
4284
13895
10134
8624
23045
15777
23671
21242
13565
7604
2570
9087
17079
6816
2432
9404
21682
24226
16024
9312
551
9886
964
20738
6591
23769
2353
19651
10201
14935
18775
7657
21312
17027
12168
8972
23593
4216
23546
426
23986
13046
5832
5177
24413
13640
15301
538
22187
12209
23541
6317
15602
11573
21205
23902
6214
21303
10973
20143
3262
21814
18925
887
5991
6394
24480
19906
7835
14832
2855
22836
14254
14002
21566
1901
10123
16079
10458
15516
323
22698
4236
17301
19697
11378
1429
5142
12946
5722
9506
24148
15508
10185
4181
20966
4631
7761
8008
11323
9662
9868
15566
24399
12242
21987
22902
18630
2148
11651
10867
14248
1020
24743
14194
12983
20721
24415
10758
4932
14929
21634
21751
14970
19275
3873
12047
11862
24563
13124
22293
12489
5531
6902
910
9985
12100
12317
24584
14083
12253
14771
9449
6436
21514
16440
5885
4016
21420
19276
15142
9049
16805
9745
8364
22524
8013
23234
21913
19368
415
6090
6926
18834
2177
8112
7062
5272
1799
10834
14580
7054
20161
10835
13049
22102
221
14749
5246
2513
6512
5518
21521
14883
1507
5411
17430
14247
834
11953
204
8311
7456
19936
2433
19792
9724
16338
5628
1907
13219
2117
13581
15760
4503
22286
17987
14540
6709
5101
4798
4581
22185
1291
8626
24190
4507
1712
18567
12353
9744
3424
20826
20532
13516
14340
17527
18552
3733
18179
16048
18440
14824
9417
13267
11339
11560
8480
11374
5650
14833
11435
3648
4552
10290
9720
14513
14167
12024
19534
7433
12254
1654
22757
16956
18131
7283
11233
10794
345
875
11076
10385
12642
6486
8807
21831
11230
13110
6096
1253
23272
21632
14757
4343
18982
9374
4500
11856
7319
10174
8442
4171
18622
11537
16227
16839
3230
15687
9843
22590
14658
9455
12273
16264
23752
8843
3782
22373
16293
12612
20906
17946
12280
12274
6875
23460
10111
6112
8923
21971
22895
22219
4365
16937
13645
8642
22532
9468
19375
13671
18709
11760
2792
18803
17586
13220
3170
11786
6998
1297
24676
16775
3193
7814
15286
6259
17567
20785
20941
6171
17368
6068
12905
2581
11522
24231
1827
24213
20077
6319
1092
14858
18330
2533
8703
18372
1079
7332
1049
21720
13062
24103
19154
20253
8909
2324
23110
20081
23832
19807
10132
23026
2472
2011
13814
3598
2806
24313
4203
24550
16635
3375
10502
9010
192
8677
10695
7345
727
8904
12550
22993
13622
10498
24804
14457
10770
17208
18213
21221
8248
785
21336
14761
15730
8644
4117
18401
8353
17545
23058
17447
3824
917
8039
4677
24992
864
17307
11924
12866
6152
8679
17511
8922
10182
5955
748
10795
19207
14753
7348
3098
17893
24772
23313
4675
19517
7694
23039
24483
14798
9826
5891
22614
12581
11982
17783
4612
10332
8569
9424
1076
22731
18168
15589
5429
2092
155
17497
8478
15948
15174
3053
12223
22337
19121
9041
15246
9920
7409
17322
24867
17899
3362
5058
18170
19592
22820
7612
10464
15935
5750
4408
2567
1474
13632
11043
5168
18831
12207
14701
3385
10293
16747
13348
3393
9585
17332
11244
12171
16758
13956
1941
5513
13924
11334
20376
4834
7532
24761
8262
11800
10375
24052
10112
755
20382
11458
17878
11060
22534
23307
8805
2632
23494
23308
23051
13542
19048
2502
13536
14489
20232
12998
23257
7279
8657
2293
7687
14936
19897
444
12218
18005
20950
18815
184
882
22951
4774
18183
6573
23575
2249
20569
16950
3977
17954
16600
13655
18461
21873
2419
4300
24020
10410
21406
14807
