4402
18651
2067
8358
3863
16234
24935
14728
15474
21351
12439
6879
3075
15986
928
12773
14180
19904
24978
69
22801
14594
8727
23643
7496
19370
3349
10401
1002
731
833
21284
17741
301
12491
22494
7097
13831
23784
951
17289
7264
14348
16246
18116
7637
11327
7565
22178
7169
24934
15060
9495
704
13637
18233
21046
3276
6091
20622
23712
9712
3961
24351
10901
23641
23304
16410
16636
21964
6220
9940
9311
19253
16363
16557
12889
19300
1131
15736
7954
24370
13247
13576
21782
5669
12029
17983
23037
22101
24189
12278
2833
14383
21750
16660
3536
5364
17070
12886
12141
16046
24011
969
15378
1424
10109
23048
20146
19437
18945
12897
21206
5582
5524
16457
7436
403
6537
17682
17967
7607
13253
16835
11266
18933
11576
15044
8823
21601
17956
19953
23900
187
12572
24264
16793
4235
16996
18394
6733
13962
1839
15764
11951
18677
18166
6548
16538
13546
15890
11691
13579
11340
51
17644
17698
20430
20068
10850
15012
19656
916
7523
20819
5806
18047
19151
5923
3001
18056
8365
1063
22056
2308
2727
546
14843
477
24711
24759
9214
8177
8802
3587
20473
6049
11286
9512
2277
5487
5230
8362
17281
5509
21517
8942
21240
23317
9649
14899
23023
10551
16269
15524
3741
774
10223
12666
11250
13792
6161
8467
3563
8305
23925
16715
6851
19845
14144
682
7385
585
13019
4799
1157
23554
5250
14603
23088
16590
22222
13980
17848
7228
20669
22775
16927
14773
7313
17167
21250
1005
12940
22115
18869
10526
21621
20674
13968
1926
24164
9784
4118
6951
1554
10039
2317
2504
10169
9760
24374
5184
18511
8269
4272
277
18373
1242
19352
7130
18686
15101
5620
23069
20413
16674
1226
12385
6566
11368
3244
6742
18788
22090
14186
19379
6360
16133
3421
21822
12781
9701
16518
16377
563
10660
20058
13183
9219
592
5143
6581
10739
18459
4428
11111
14065
6980
8733
22100
3159
12426
17944
11267
22515
17508
15876
17449
7688
2140
23772
1323
2774
4358
5560
5457
17636
6978
8782
24874
10886
19667
16576
12062
11103
11150
3732
9542
7706
19791
23432
16016
4435
19004
18060
3416
10509
1282
13323
2398
12459
4827
4096
11170
3758
20158
19248
12387
2511
18703
18031
7330
18545
2678
8740
11956
9684
18495
17507
3745
15000
9082
3530
1499
9690
405
20108
21968
476
3004
13550
3771
1311
6157
7852
19228
13795
5309
3786
14775
5484
22311
7910
5208
24379
3369
14257
12395
17790
9634
18029
8303
23318
15630
10304
3281
6803
21366
1298
893
344
23805
19548
10493
14740
12821
10265
13059
2063
2103
10398
19708
14937
3649
8194
7051
20244
22550
15365
21686
11659
8489
6003
17747
6810
10070
6527
8073
11811
2666
9200
2929
24683
14676
2965
21365
18820
21085
11104
7452
12795
10052
1345
10723
6121
10378
18972
9922
8055
10955
3307
17833
20034
19528
3016
8031
7214
667
7987
13165
2370
8783
18061
2323
23893
2461
20820
324
9529
24599
11769
16163
15362
5052
16430
10750
2526
16687
21798
5676
5884
4900
4637
10478
10014
3502
23243
16854
19722
9617
4138
6774
4642
17874
23679
1040
10356
20431
22026
18119
24450
22596
6731
5837
9795
14176
17612
5173
1591
23423
21881
8103
8276
2110
22350
14637
14095
17998
8199
17739
14398
17631
14854
356
12966
11097
8453
15918
799
21182
13653
18697
619
2042
22665
11630
19007
4531
19449
4100
4538
8490
9073
13035
18483
13142
5641
2924
7652
15925
245
5818
17324
10395
16413
21261
14362
22495
20942
23967
7396
7811
10255
16222
22509
15690
7374
23358
13508
11041
18363
20030
23862
21410
9018
21181
7191
1579
2344
16767
21144
12081
5225
16765
6679
10217
9788
22693
9816
18098
12177
5412
22979
24130
15229
19483
2784
4038
19860
16841
18718
12360
5776
5104
8211
13983
18661
23579
24829
1708
16221
22335
23499
20872
11402
12582
16877
5400
23917
1333
17176
2962
8361
20593
3311
8766
24146
2743
4558
20214
21617
22499
22950
2687
14583
7896
12528
14185
13016
5398
10664
14356
4139
20394
15989
6947
3905
14131
19683
17499
13376
3869
21643
9682
9098
8133
12414
24562
18329
131
17313
14377
18975
689
1009
20562
7937
8532
6770
5664
9331
4863
17771
6568
8953
10195
19193
24819
8220
22397
14627
5504
17870
11696
16082
13761
3991
6846
18695
12558
6711
9307
3543
791
3868
18655
24486
433
17867
22082
24938
23734
21279
4475
2463
16396
12246
18762
10199
14325
16483
22192
11692
24858
17314
10606
27
4059
14493
23526
14730
11475
9987
17671
13087
11120
23957
22394
18724
16131
3705
21222
12371
12530
6681
18248
126
9097
20825
19600
23667
24201
23867
16743
6516
15125
19688
16938
13400
24400
23335
10005
23032
5580
14725
20317
21916
17398
6467
11777
17242
115
22234
12752
18984
13954
13279
11010
20369
19150
24046
22921
24535
2219
16144
24437
8114
20983
21258
9531
20633
680
13336
23635
20619
5114
20766
8855
2405
19839
331
11450
8669
23200
13472
22447
9950
4983
15141
8498
15877
5558
15306
16722
1487
8874
16720
3231
24403
19353
13847
2285
11638
2195
21523
14499
646
5378
16618
23273
5296
22624
3049
13170
20839
22574
9037
19824
9974
6844
17304
6806
7773
10942
8816
2246
2453
22911
17144
21587
12065
15333
16761
18273
24141
1629
5523
9728
21399
24087
23377
18226
8839
11660
19977
24243
7605
12863
18384
13097
5647
15847
8504
20001
10801
23463
7284
8479
19986
23156
8002
21654
1000
20396
13192
10372
14148
24955
8140
8817
6222
2376
20509
23996
5427
18977
14535
19052
23863
4855
19865
8584
15053
17255
5325
4542
4525
23453
14440
11832
10150
24621
13131
7880
3795
23532
6756
23543
22328
10010
2235
3486
7458
13009
10530
3275
6119
1473
1813
19579
762
24655
7096
22390
1137
16202
23066
17319
23722
20092
14492
11221
21722
8997
20094
22696
5658
3120
7276
7642
16220
14739
12382
24596
7592
7724
9294
15157
17924
19003
12766
6943
14801
23426
8450
10817
16263
19451
3635
7007
2583
1514
505
171
15741
10471
12554
19013
9411
6418
13104
5245
24856
21169
4989
998
497
12690
4757
21784
17779
1871
18505
12435
8328
4259
2605
15167
21369
9941
473
1162
17595
1993
17200
4224
1402
8965
3848
14172
2983
6229
905
16372
20890
4270
24399
9151
22504
6289
21725
14664
12769
10807
20678
8780
8514
21024
20827
7965
8042
1972
19265
19349
5743
11456
14040
19836
22873
18358
20918
17110
1992
11574
17921
13521
17632
6532
23319
17576
13897
21705
2296
23381
8752
24355
20010
23629
24648
2368
8243
3164
4948
1923
6663
14028
1471
1730
20877
2989
16804
15373
16420
12132
3253
10246
1314
4149
17415
1087
14527
21766
4200
12949
23188
14617
806
24137
17187
8847
2961
8192
10663
2811
9890
1120
12590
1905
24006
8552
10263
24091
4260
8529
12457
3838
22209
9953
3082
13920
8040
16473
18257
6730
10816
16689
12815
19141
15766
3430
4250
21383
14700
17162
18305
23572
19050
17041
17551
991
9546
24352
5145
6552
12135
12754
17074
10624
3190
13418
11317
4140
18838
2125
1427
9846
21335
17487
10277
13683
9775
10446
11554
8934
10659
24534
24527
17042
16418
282
17240
3993
4874
10391
23815
10668
10733
18779
2255
14805
9162
15718
14881
11932
24301
12469
2561
18971
1838
4409
1596
17160
16127
18861
8254
23033
18801
24466
11096
11848
21086
12128
13191
10072
15223
19603
11155
17436
16631
5498
952
4861
8196
22519
7246
18441
4371
3694
6048
13471
23853
20306
1641
3251
17881
22325
8707
23417
3504
6695
8575
2188
20713
18717
17248
21005
2572
2385
7123
21077
5680
16760
14158
715
19344
15947
23274
9297
7206
19597
16174
7707
13940
14817
22138
12031
17841
6187
15799
23783
2382
8406
13346
6598
271
24470
17432
12475
16852
15960
2503
13229
20179
16713
18949
19156
13945
11528
15022
209
6218
9809
22806
22653
21039
180
17720
3933
9917
24473
10340
17793
21136
18742
18067
9257
17223
13481
17761
16969
13379
19751
20642
19040
10084
14828
9892
4290
16591
14554
19210
4598
18022
5340
8281
20862
314
13899
24121
21677
18543
1187
12070
13791
13177
9225
21593
24609
21943
600
2964
2950
157
12563
8810
15216
8911
12210
20835
24555
15775
11027
12729
14947
3817
15850
11616
4741
13605
4858
595
5638
8527
12050
4165
19319
9409
13530
8451
9413
24232
13787
8967
14205
11006
7060
23444
16101
13169
23467
13930
2994
2111
4242
6754
4902
7511
23926
856
3383
8297
5102
15721
3242
13078
21288
23707
6141
98
2921
14014
20050
1666
18009
7152
17514
13824
11360
1541
3380
24068
18115
22251
13750
22008
24285
3887
8694
22431
9134
5866
15719
23074
1562
7019
22177
21111
2857
12770
4056
21912
14656
9641
22346
16640
16317
12880
3806
19861
15702
3467
4886
12660
20107
23015
6592
5476
17063
8441
13651
17587
9456
16137
20763
17851
7032
24892
20432
11045
15924
3370
280
24830
23897
21537
11366
23225
1849
17712
20494
14426
9825
24898
3301
7489
16646
8996
8858
23142
8072
13488
4860
4266
8398
6399
13360
18377
20644
19611
1914
17458
19955
16690
4877
13559
8852
9168
15733
22787
10020
8750
16099
7025
16343
12048
19628
15418
7918
11088
5772
19848
24868
5937
24222
19023
22746
14782
17523
4896
16513
10682
17317
22613
4425
21137
24949
6985
10333
20399
16178
10814
3879
4191
4591
22883
8403
7373
2884
20816
17656
1639
18450
22438
3805
7413
18456
6534
16482
18598
21623
10088
13836
10736
138
657
10004
20164
7217
2771
24348
7356
9180
22304
20501
11176
19698
23552
16987
12428
757
3986
10808
11371
4569
3715
8218
4694
22321
18809
1344
11370
2535
3008
23754
3381
9829
10388
8157
8825
17354
1630
11854
1021
2566
4555
13085
12191
23594
22652
7931
22270
10774
8966
260
16883
10545
3676
11546
21010
23729
4125
19862
8882
13276
2984
22249
18895
20337
23769
17292
15583
13720
17555
12903
9866
7189
20733
17993
4362
1767
19663
16663
3600
5739
7883
7045
14241
8994
17889
654
8205
8877
17371
8576
15506
4131
13214
23228
3399
24409
12238
2263
21444
17832
11899
17850
18202
23696
16625
22432
19032
996
20284
10096
14597
22361
4332
2436
18981
4650
22171
7086
15862
10992
11963
9579
5235
5098
12508
14408
13292
3862
19693
4756
9676
21852
22510
20934
19781
268
17605
317
21067
4344
24477
18412
3314
15057
995
14154
19613
22257
13837
9046
13383
13308
19850
15138
1745
3250
15425
1225
21170
23073
22851
19
1378
3641
19247
4573
17381
16648
11674
8876
18619
21458
11679
15529
22854
8033
20374
7858
3458
18427
11721
5198
3814
1329
23070
10279
13841
23831
11346
8306
21546
20505
1824
20216
14249
13596
12330
11755
9631
24704
11181
14451
22912
7800
20805
19976
17006
4730
1836
11190
22054
3719
16811
5642
17794
21061
15972
11173
24820
23279
3980
19096
709
15737
6855
12557
20696
5724
23481
7464
3266
8138
10997
10782
21515
15116
24346
15439
12109
16142
21346
21731
23699
6349
14155
14437
13069
3945
15999
8731
4103
4911
391
12324
13586
3570
859
21377
2444
5995
15033
12354
21863
16450
9453
5095
5055
17190
3464
8342
615
15218
12994
20768
23091
24119
7483
17620
22790
12805
174
17829
8174
13859
5206
21701
5867
11222
7836
2492
17575
18279
5273
5754
12310
19180
706
16813
7106
14005
7722
1325
16897
23744
6233
22947
16516
22630
20049
21415
17588
2530
8123
13047
15235
3902
18579
21098
1584
12680
2938
18348
3099
21018
15693
16989
7837
398
683
15283
9111
23689
13617
5462
19495
4364
18404
23184
10430
17520
20856
14702
16436
13684
18147
5492
22900
12959
22889
12749
6577
16233
9123
11796
4963
8501
18575
9158
23624
20383
2741
23954
11813
11013
4676
8469
8356
8266
11447
12591
9146
18529
15327
441
4883
4268
7402
6439
17614
20264
6501
14064
23465
18927
4561
18150
15089
12822
23315
6417
2705
20493
2528
5016
21865
1884
24456
13283
12537
13672
4504
19366
19559
4232
22042
17645
17902
2430
7904
12506
4568
9360
6632
21684
23557
13014
11693
24545
5842
7376
9759
4712
11394
16125
17542
9560
2902
6843
23113
15186
717
20384
19418
3376
24731
8352
20262
1908
1706
10341
5239
4337
20617
3384
3686
14263
20756
19218
8057
24401
6811
16522
16637
13003
3983
23195
6952
12577
16955
4389
23470
18951
23759
119
23517
6604
18438
21726
15795
17858
20105
7558
8770
1235
20920
5497
22006
21974
18165
16477
7638
13449
8968
21680
13801
8912
16186
3202
21931
4246
6116
18334
520
14874
24700
1469
16005
7023
12908
23924
17650
11018
7978
3081
22220
24448
1397
13849
14476
6186
19507
16449
6225
16703
12609
17099
11814
6457
7625
11787
21582
19203
24810
2113
11175
1697
1448
20008
5792
4839
9356
1410
19114
18528
12985
3014
13105
16768
18757
21171
9872
12923
8779
11540
15421
1608
18094
15635
571
13986
9981
19289
24541
10397
4895
19533
19311
18210
9102
2158
19895
11828
13602
12812
17033
18862
19062
1210
18802
17352
471
10880
11032
12069
24585
18051
1129
20888
12129
19094
20786
2744
17681
14621
10960
16386
17828
111
5266
10650
11824
7010
4788
19012
4856
3535
13237
10394
16667
13790
11797
11187
8512
19950
12074
1232
23296
2079
20667
8082
8700
24726
13010
18035
9301
20271
2735
2454
23219
5583
8758
2729
4137
9254
18049
23794
21007
8611
7695
6900
3238
9080
23648
15742
1543
24168
16782
9873
17814
18045
10336
11130
9700
16913
4366
1155
14490
11925
24493
1221
940
10337
13680
24568
5367
18251
1331
23162
19279
23005
21745
20625
17231
13912
6041
6469
7629
3760
19249
4261
19225
16588
4012
8735
15018
6432
1811
11839
14946
10974
20135
23698
11622
7201
306
457
16015
1057
5386
8300
18086
1306
300
7539
2773
17180
5679
1150
17306
6561
6862
14515
9462
7963
16072
16577
12169
10646
12844
21411
2407
6397
19474
5947
6144
22426
20416
9730
19046
13967
15532
11910
759
15969
676
3433
21599
20500
18938
21775
20308
14171
19077
11259
2426
21198
13768
22990
16850
16198
19921
18468
21641
18034
16419
15650
19659
22298
24195
18864
14748
19782
5419
8790
22139
17185
9880
18463
12990
19902
17685
8491
8368
10166
480
19811
24817
1502
14993
14992
11650
7606
16645
6853
15597
10996
22815
20507
4745
12579
14331
1777
21035
3644
11675
8382
24622
17730
24315
1770
10041
12410
490
10632
11080
10119
19306
6834
10768
3928
22003
21149
2171
4206
22634
9643
13423
11166
7620
891
21104
22955
22598
5996
24757
24797
16520
24570
18810
20996
11986
9912
9625
12386
13776
17249
15120
2431
6520
13359
7589
19918
1383
20235
7889
20635
7358
23368
12932
12430
6886
20377
4980
23595
9805
24373
11799
47
23352
23084
22525
10068
14557
16315
5599
22126
4796
12149
14319
11203
16816
10406
19784
3654
19123
21162
9577
17958
21714
9047
14074
370
10181
24649
2832
20929
16118
3767
16421
7227
24507
21080
8672
14312
12213
7554
1776
3358
16848
16755
5343
9570
1583
2238
7151
103
22034
2024
13858
23977
23455
2168
1802
293
1142
17627
11112
10902
614
20038
288
18318
6925
15366
6557
8724
9678
19061
18044
17089
8237
7651
5985
6905
12827
1958
7818
18197
14831
1158
10859
10704
13328
3923
524
18433
6063
16567
20976
3069
24952
6057
7155
7369
5784
9967
3204
10284
4793
2058
14521
4917
7567
1412
24497
9379
11282
1910
19318
2925
14500
21783
6065
1882
6631
