4402
18651
2067
8358
3863
16234
24935
14728
15474
21351
12439
6879
3075
15986
928
12773
14180
19904
24978
69
22801
14594
8727
23643
7496
19370
3349
10401
1002
731
833
21284
17741
301
12491
22494
7097
13831
23784
951
17289
7264
14348
16246
18116
7637
11327
7565
22178
7169
24934
15060
9495
704
13637
18233
21046
3276
6091
20622
23712
9712
3961
24351
10901
23641
23304
16410
16636
21964
6220
9940
9311
19253
16363
16557
12889
19300
1131
15736
7954
24370
13247
13576
21782
5669
12029
17983
23037
22101
24189
12278
2833
14383
21750
16660
3536
5364
17070
12886
12141
16046
24011
969
15378
1424
10109
23048
20146
19437
18945
12897
21206
5582
5524
16457
7436
403
6537
17682
17967
7607
13253
16835
11266
18933
11576
15044
8823
21601
17956
19953
23900
187
12572
24264
16793
4235
16996
18394
6733
13962
1839
15764
11951
18677
18166
6548
16538
13546
15890
11691
13579
11340
51
17644
17698
20430
20068
10850
15012
19656
916
7523
20819
5806
18047
19151
5923
3001
18056
8365
1063
22056
2308
2727
546
14843
477
24711
24759
9214
8177
8802
3587
20473
6049
11286
9512
2277
5487
5230
8362
17281
5509
21517
8942
21240
23317
9649
14899
23023
10551
16269
15524
3741
774
10223
12666
11250
13792
6161
8467
3563
8305
23925
16715
6851
19845
14144
682
7385
585
13019
4799
1157
23554
5250
14603
23088
16590
22222
13980
17848
7228
20669
22775
16927
14773
7313
17167
21250
1005
12940
22115
18869
10526
21621
20674
13968
1926
24164
9784
4118
6951
1554
10039
2317
2504
10169
9760
24374
5184
18511
8269
4272
277
18373
1242
19352
7130
18686
15101
5620
23069
20413
16674
1226
12385
6566
11368
3244
6742
18788
22090
14186
19379
6360
16133
3421
21822
12781
9701
16518
16377
563
10660
20058
13183
9219
592
5143
6581
10739
18459
4428
11111
14065
6980
8733
22100
3159
12426
17944
11267
22515
17508
15876
17449
7688
2140
23772
1323
2774
4358
5560
5457
17636
6978
8782
24874
10886
19667
16576
12062
11103
11150
3732
9542
7706
19791
23432
16016
4435
19004
18060
3416
10509
1282
13323
2398
12459
4827
4096
11170
3758
20158
19248
12387
2511
18703
18031
7330
18545
2678
8740
11956
9684
18495
17507
3745
15000
9082
3530
1499
9690
405
20108
21968
476
3004
13550
3771
1311
6157
7852
19228
13795
5309
3786
14775
5484
22311
7910
5208
24379
3369
14257
12395
17790
9634
18029
8303
23318
15630
10304
3281
6803
21366
1298
893
344
23805
19548
10493
14740
12821
10265
13059
2063
2103
10398
19708
14937
3649
8194
7051
20244
22550
15365
21686
11659
8489
6003
17747
6810
10070
6527
8073
11811
2666
9200
2929
24683
14676
2965
21365
18820
21085
11104
7452
12795
10052
1345
10723
6121
10378
18972
9922
8055
10955
3307
17833
20034
19528
3016
8031
7214
667
7987
13165
2370
8783
18061
2323
23893
2461
20820
324
9529
24599
11769
16163
15362
5052
16430
10750
2526
16687
21798
5676
5884
4900
4637
10478
10014
3502
23243
16854
19722
9617
4138
6774
4642
17874
23679
1040
10356
20431
22026
18119
24450
22596
6731
5837
9795
14176
17612
5173
1591
23423
21881
8103
8276
2110
22350
14637
14095
17998
8199
17739
14398
17631
14854
356
12966
11097
8453
15918
799
21182
13653
18697
619
2042
22665
11630
19007
4531
19449
4100
4538
8490
9073
13035
18483
13142
5641
2924
7652
15925
245
5818
17324
10395
16413
21261
14362
22495
20942
23967
7396
7811
10255
16222
22509
15690
7374
23358
13508
11041
18363
20030
23862
21410
9018
21181
7191
1579
2344
16767
21144
12081
5225
16765
6679
10217
9788
22693
9816
18098
12177
5412
22979
24130
15229
19483
2784
4038
19860
16841
18718
12360
5776
5104
8211
13983
18661
23579
24829
1708
16221
22335
23499
20872
11402
12582
16877
5400
23917
1333
17176
2962
8361
20593
3311
8766
24146
2743
4558
20214
21617
22499
22950
2687
14583
7896
12528
14185
13016
5398
10664
14356
4139
20394
15989
6947
3905
14131
19683
17499
13376
3869
21643
9682
9098
8133
12414
24562
18329
131
17313
14377
18975
689
1009
20562
7937
8532
6770
5664
9331
4863
17771
6568
8953
10195
19193
24819
8220
22397
14627
5504
17870
11696
16082
13761
3991
6846
18695
12558
6711
9307
3543
791
3868
18655
24486
433
17867
22082
24938
23734
21279
4475
2463
16396
12246
18762
10199
14325
16483
22192
11692
24858
17314
10606
27
4059
14493
23526
14730
11475
9987
17671
13087
11120
23957
22394
18724
16131
3705
21222
12371
12530
6681
18248
126
9097
20825
19600
23667
24201
23867
16743
6516
15125
19688
16938
13400
24400
23335
10005
23032
5580
14725
20317
21916
17398
6467
11777
17242
115
22234
12752
18984
13954
13279
11010
20369
19150
24046
22921
24535
2219
16144
24437
8114
20983
21258
9531
20633
680
13336
23635
20619
5114
20766
8855
2405
19839
331
11450
8669
23200
13472
22447
9950
4983
15141
8498
15877
5558
15306
16722
1487
8874
16720
3231
24403
19353
13847
2285
11638
2195
21523
14499
646
5378
16618
23273
5296
22624
3049
13170
20839
22574
9037
19824
9974
6844
17304
6806
7773
10942
8816
2246
2453
22911
17144
21587
12065
15333
16761
18273
24141
1629
5523
9728
21399
24087
23377
18226
8839
11660
19977
24243
7605
12863
18384
13097
5647
15847
8504
20001
10801
23463
7284
8479
19986
23156
8002
21654
1000
20396
13192
10372
14148
24955
8140
8817
6222
2376
20509
23996
5427
18977
14535
19052
23863
4855
19865
8584
15053
17255
5325
4542
4525
23453
14440
11832
10150
24621
13131
7880
3795
23532
6756
23543
22328
10010
2235
3486
7458
13009
10530
3275
6119
1473
1813
19579
762
24655
7096
22390
1137
16202
23066
17319
23722
20092
14492
11221
21722
8997
20094
22696
5658
3120
7276
7642
16220
14739
12382
24596
7592
7724
9294
15157
17924
19003
12766
6943
14801
23426
8450
10817
16263
19451
3635
7007
2583
1514
505
171
15741
10471
12554
19013
9411
6418
13104
5245
24856
21169
4989
998
497
12690
4757
21784
17779
1871
18505
12435
8328
4259
2605
15167
21369
9941
473
1162
17595
1993
17200
4224
1402
8965
3848
14172
2983
6229
905
16372
20890
4270
24399
9151
22504
6289
21725
14664
12769
10807
20678
8780
8514
21024
20827
7965
8042
1972
19265
19349
5743
11456
14040
19836
22873
18358
20918
17110
1992
11574
17921
13521
17632
6532
23319
17576
13897
21705
2296
23381
8752
24355
20010
23629
24648
2368
8243
3164
4948
1923
6663
14028
1471
1730
20877
2989
16804
15373
16420
12132
3253
10246
1314
4149
17415
1087
14527
21766
4200
12949
23188
14617
806
24137
17187
8847
2961
8192
10663
2811
9890
1120
12590
1905
24006
8552
10263
24091
4260
8529
12457
3838
22209
9953
3082
13920
8040
16473
18257
6730
10816
16689
12815
19141
15766
3430
4250
21383
14700
17162
18305
23572
19050
17041
17551
991
9546
24352
5145
6552
12135
12754
17074
10624
3190
13418
11317
4140
18838
2125
1427
9846
21335
17487
10277
13683
9775
10446
11554
8934
10659
24534
24527
17042
16418
282
17240
3993
4874
10391
23815
10668
10733
18779
2255
14805
9162
15718
14881
11932
24301
12469
2561
18971
1838
4409
1596
17160
16127
18861
8254
23033
18801
24466
11096
11848
21086
12128
13191
10072
15223
19603
11155
17436
16631
5498
952
4861
8196
22519
7246
18441
4371
3694
6048
13471
23853
20306
1641
3251
17881
22325
8707
23417
3504
6695
8575
2188
20713
18717
17248
21005
2572
2385
7123
21077
5680
16760
14158
715
19344
15947
23274
9297
7206
19597
16174
7707
13940
14817
22138
12031
17841
6187
15799
23783
2382
8406
13346
6598
271
24470
17432
12475
16852
15960
2503
13229
20179
16713
18949
19156
13945
11528
15022
209
6218
9809
22806
22653
21039
180
17720
3933
9917
24473
10340
17793
21136
18742
18067
9257
17223
13481
17761
16969
13379
19751
20642
19040
10084
14828
9892
4290
16591
14554
19210
4598
18022
5340
8281
20862
314
13899
24121
21677
18543
1187
12070
13791
13177
9225
21593
24609
21943
600
2964
2950
157
12563
8810
15216
8911
12210
20835
24555
15775
11027
12729
14947
3817
15850
11616
4741
13605
4858
595
5638
8527
12050
4165
19319
9409
13530
8451
9413
24232
13787
8967
14205
11006
7060
23444
16101
13169
23467
13930
2994
2111
4242
6754
4902
7511
23926
856
3383
8297
5102
15721
3242
13078
21288
23707
6141
98
2921
14014
20050
1666
18009
7152
17514
13824
11360
1541
3380
24068
18115
22251
13750
22008
24285
3887
8694
22431
9134
5866
15719
23074
1562
7019
22177
21111
2857
12770
4056
21912
14656
9641
22346
16640
16317
12880
3806
19861
15702
3467
4886
12660
20107
23015
6592
5476
17063
8441
13651
17587
9456
16137
20763
17851
7032
24892
20432
11045
15924
3370
280
24830
23897
21537
11366
23225
1849
17712
20494
14426
9825
24898
3301
7489
16646
8996
8858
23142
8072
13488
4860
4266
8398
6399
13360
18377
20644
19611
1914
17458
19955
16690
4877
13559
8852
9168
15733
22787
10020
8750
16099
7025
16343
12048
19628
15418
7918
11088
5772
19848
24868
5937
24222
19023
22746
14782
17523
4896
16513
10682
17317
22613
4425
21137
24949
6985
10333
20399
16178
10814
3879
4191
4591
22883
8403
7373
2884
20816
17656
1639
18450
22438
3805
7413
18456
6534
16482
18598
21623
10088
13836
10736
138
657
10004
20164
7217
2771
24348
7356
9180
22304
20501
11176
19698
23552
16987
12428
757
3986
10808
11371
4569
3715
8218
4694
22321
18809
1344
11370
2535
3008
23754
3381
9829
10388
8157
8825
17354
1630
11854
1021
2566
4555
13085
12191
23594
22652
7931
22270
10774
8966
260
16883
10545
3676
11546
21010
23729
4125
19862
8882
13276
2984
22249
18895
20337
23769
17292
15583
13720
17555
12903
9866
7189
20733
17993
4362
1767
19663
16663
3600
5739
7883
7045
14241
8994
17889
654
8205
8877
17371
8576
15506
4131
13214
23228
3399
24409
12238
2263
21444
17832
11899
17850
18202
23696
16625
22432
19032
996
20284
10096
14597
22361
4332
2436
18981
4650
22171
7086
15862
10992
11963
9579
5235
5098
12508
14408
13292
3862
19693
4756
9676
21852
22510
20934
19781
268
17605
317
21067
4344
24477
18412
3314
15057
995
14154
19613
22257
13837
9046
13383
13308
19850
15138
1745
3250
15425
1225
21170
23073
22851
19
1378
3641
19247
4573
17381
16648
11674
8876
18619
21458
11679
15529
22854
8033
20374
7858
3458
18427
11721
5198
3814
1329
23070
10279
13841
23831
11346
8306
21546
20505
1824
20216
14249
13596
12330
11755
9631
24704
11181
14451
22912
7800
20805
19976
17006
4730
1836
11190
22054
3719
16811
5642
17794
21061
15972
11173
24820
23279
3980
19096
709
15737
6855
12557
20696
5724
23481
7464
3266
8138
10997
10782
21515
15116
24346
15439
12109
16142
21346
21731
23699
6349
14155
14437
13069
3945
15999
8731
4103
4911
391
12324
13586
3570
859
21377
2444
5995
15033
12354
21863
16450
9453
5095
5055
17190
3464
8342
615
15218
12994
20768
23091
24119
7483
17620
22790
12805
174
17829
8174
13859
5206
21701
5867
11222
7836
2492
17575
18279
5273
5754
12310
19180
706
16813
7106
14005
7722
1325
16897
23744
6233
22947
16516
22630
20049
21415
17588
2530
8123
13047
15235
3902
18579
21098
1584
12680
2938
18348
3099
21018
15693
16989
7837
398
683
15283
9111
23689
13617
5462
19495
4364
18404
23184
10430
17520
20856
14702
16436
13684
18147
5492
22900
12959
22889
12749
6577
16233
9123
11796
4963
8501
18575
9158
23624
20383
2741
23954
11813
11013
4676
8469
8356
8266
11447
12591
9146
18529
15327
441
4883
4268
7402
6439
17614
20264
6501
14064
23465
18927
4561
18150
15089
12822
23315
6417
2705
20493
2528
5016
21865
1884
24456
13283
12537
13672
4504
19366
19559
4232
22042
17645
17902
2430
7904
12506
4568
9360
6632
21684
23557
13014
11693
24545
5842
7376
9759
4712
11394
16125
17542
9560
2902
6843
23113
15186
717
20384
19418
3376
24731
8352
20262
1908
1706
10341
5239
4337
20617
3384
3686
14263
20756
19218
8057
24401
6811
16522
16637
13003
3983
23195
6952
12577
16955
4389
23470
18951
23759
119
23517
6604
18438
21726
15795
17858
20105
7558
8770
1235
20920
5497
22006
21974
18165
16477
7638
13449
8968
21680
13801
8912
16186
3202
21931
4246
6116
18334
520
14874
24700
1469
16005
7023
12908
23924
17650
11018
7978
3081
22220
24448
1397
13849
14476
6186
19507
16449
6225
16703
12609
17099
11814
6457
7625
11787
21582
19203
24810
2113
11175
1697
1448
20008
5792
4839
9356
1410
19114
18528
12985
3014
13105
16768
18757
21171
9872
12923
8779
11540
15421
1608
18094
15635
571
13986
9981
19289
24541
10397
4895
19533
19311
18210
9102
2158
19895
11828
13602
12812
17033
18862
19062
1210
18802
17352
471
10880
11032
12069
24585
18051
1129
20888
12129
19094
20786
2744
17681
14621
10960
16386
17828
111
5266
10650
11824
7010
4788
19012
4856
3535
13237
10394
16667
13790
11797
11187
8512
19950
12074
1232
23296
2079
20667
8082
8700
24726
13010
18035
9301
20271
2735
2454
23219
5583
8758
2729
4137
9254
18049
23794
21007
8611
7695
6900
3238
9080
23648
15742
1543
24168
16782
9873
17814
18045
10336
11130
9700
16913
4366
1155
14490
11925
24493
1221
940
10337
13680
24568
5367
18251
1331
23162
19279
23005
21745
20625
17231
13912
6041
6469
7629
3760
19249
4261
19225
16588
4012
8735
15018
6432
1811
11839
14946
10974
20135
23698
11622
7201
306
457
16015
1057
5386
8300
18086
1306
300
7539
2773
17180
5679
1150
17306
6561
6862
14515
9462
7963
16072
16577
12169
10646
12844
21411
2407
6397
19474
5947
6144
22426
20416
9730
19046
13967
15532
11910
759
15969
676
3433
21599
20500
18938
21775
20308
14171
19077
11259
2426
21198
13768
22990
16850
16198
19921
18468
21641
18034
16419
15650
19659
22298
24195
18864
14748
19782
5419
8790
22139
17185
9880
18463
12990
19902
17685
8491
8368
10166
480
19811
24817
1502
14993
14992
11650
7606
16645
6853
15597
10996
22815
20507
4745
12579
14331
1777
21035
3644
11675
8382
24622
17730
24315
1770
10041
12410
490
10632
11080
10119
19306
6834
10768
3928
22003
21149
2171
4206
22634
9643
13423
11166
7620
891
21104
22955
22598
5996
24757
24797
16520
24570
18810
20996
11986
9912
9625
12386
13776
17249
15120
2431
6520
13359
7589
19918
1383
20235
7889
20635
7358
23368
12932
12430
6886
20377
4980
23595
9805
24373
11799
47
23352
23084
22525
10068
14557
16315
5599
22126
4796
12149
14319
11203
16816
10406
19784
3654
19123
21162
9577
17958
21714
9047
14074
370
10181
24649
2832
20929
16118
3767
16421
7227
24507
21080
8672
14312
12213
7554
1776
3358
16848
16755
5343
9570
1583
2238
7151
103
22034
2024
13858
23977
23455
2168
1802
293
1142
17627
11112
10902
614
20038
288
18318
6925
15366
6557
8724
9678
19061
18044
17089
8237
7651
5985
6905
12827
1958
7818
18197
14831
1158
10859
10704
13328
3923
524
18433
6063
16567
20976
3069
24952
6057
7155
7369
5784
9967
3204
10284
4793
2058
14521
4917
7567
1412
24497
9379
11282
1910
19318
2925
14500
21783
6065
1882
6631
23866
3798
2864
24328
7203
9375
23397
8261
17275
13855
8147
23677
23721
8249
6383
10674
11466
11705
14885
21612
20168
12532
22246
12665
2928
8011
16034
11262
5853
19822
21270
3730
7855
14306
9074
17441
9955
10978
12142
13410
14953
11939
11530
10351
12977
15444
16752
560
12133
4172
9909
5505
9902
18573
4153
17974
23311
23816
4898
5469
14997
21131
20555
4988
4429
5279
2611
20055
8319
7714
11663
10328
5621
9085
15501
10149
2531
14036
5046
18021
11575
14735
3520
5105
22430
10349
2267
22449
6120
15714
17517
1145
1535
6280
21281
11665
24096
11995
11642
16502
20546
21818
12272
11209
21436
6050
12302
1069
20116
2044
8092
10717
13204
8006
1620
7594
9520
22863
18627
223
6400
3183
4438
7299
12087
16585
4615
5320
7473
2470
10205
18789
16734
17676
19669
17757
14159
14396
16769
15564
5992
16791
11653
6405
14191
6724
7501
4662
4377
6823
694
5360
15915
11890
6027
1615
11807
2702
19978
7776
22215
22809
6927
2853
14458
21096
21495
19713
11220
5406
18845
22655
23160
588
7129
10357
15740
18091
1186
1716
12018
16382
18322
11452
4440
15997
16750
10447
21767
24298
18585
21946
10209
19828
10412
18772
2935
15758
11075
13616
2342
8587
2062
21574
21161
10582
624
5905
10730
7398
10258
8601
8270
10034
15977
13630
392
9650
20765
9528
1592
3794
14137
14110
20085
9119
11680
21435
23560
18531
16192
18875
9217
19941
8385
22131
5648
10573
4679
11525
17115
24394
22819
6300
12970
14720
4916
15765
22866
7959
1237
23934
20962
8113
2588
2310
1262
17018
16617
15455
15868
22924
17052
5584
18451
23207
16291
13030
12648
18109
23739
18422
24317
14763
19443
12226
1690
23786
12068
11564
14345
7782
22534
21702
17912
9948
2891
14478
24838
11700
5287
4412
1476
11929
18590
11049
5682
18637
16069
15672
274
18872
7666
19970
1946
14552
5358
16696
6827
13117
15267
4041
10315
4532
5547
10811
4313
5913
20225
17375
10097
7676
23153
15337
15007
16726
18092
10193
5563
17036
20172
16622
19399
9258
22068
5065
22355
210
11156
3901
12452
23370
21453
16803
24071
5862
20254
14403
14726
17472
14495
11919
6763
2790
23658
3516
3188
17637
12699
4499
14528
5963
15565
14711
17103
19450
1193
19239
6354
19347
14744
16000
9526
11429
24777
5686
19591
8954
5911
903
1984
22011
2127
18025
7530
10453
14470
10987
24447
3330
12724
1762
24483
15344
9116
13414
15247
10855
16628
3146
5380
13148
17728
13998
24279
15655
16565
4880
10469
4782
11467
4496
20021
6340
7371
7081
14876
21285
5103
3388
22910
3373
13933
1723
14863
4971
18357
10539
9179
13042
464
12698
15961
23486
14593
9885
24274
23343
9931
21088
19044
10261
24674
9490
5706
3287
16035
5888
14607
5024
15031
3456
4043
17568
10439
10366
16196
22179
18317
20823
11174
10479
19408
15158
10593
15873
22643
12915
17572
7147
5442
7897
17581
6558
19480
8038
1691
10516
20304
24894
2016
10757
13754
973
11281
11780
11847
19668
19506
21649
13396
6852
9457
7359
10274
13023
22891
12601
21948
12736
21342
11474
19799
7280
7664
20032
10494
12605
6676
23289
9623
3137
14220
129
11503
3055
13364
5021
3650
17485
5878
24689
11152
4726
12307
10667
17766
20898
22965
17135
6355
5189
17624
5259
4806
3926
14484
19167
17108
4256
14132
4384
10939
19880
23011
22314
10396
19486
4492
679
11751
7415
7701
22709
16284
19413
16014
1122
21344
2941
4376
17461
15364
18507
4678
6849
23226
4517
9176
24256
11421
12570
15570
977
17335
15131
6455
23563
7893
22583
165
23673
22845
9962
1381
8748
17005
6206
2355
3469
3609
13116
10874
3434
23548
18898
17128
23265
21363
15823
21858
9195
14128
12172
21235
11432
12573
13480
14293
12060
17989
6748
6410
2139
7798
7863
7898
21936
12896
14967
20206
14443
18604
3125
1775
5646
17277
248
1452
14096
9125
13613
4351
7723
22780
21647
12266
13589
11201
19168
1549
14892
4234
22568
17142
19160
1968
3841
20829
20956
4081
14311
4873
625
11974
4257
4930
9444
811
15478
20902
877
15829
2199
24582
19320
14123
3009
15394
19749
16426
3174
4217
17651
22086
21075
19727
17855
13438
7923
17149
12447
15649
24044
14347
3826
2203
6903
19393
20019
22860
12101
3419
3151
11629
3463
3640
19361
2867
117
16789
14150
7683
2996
10071
15976
20033
2025
18791
14058
18365
9772
12846
20578
1340
21960
19504
949
9069
20330
15674
7172
15653
14471
17498
1793
16832
5695
24417
23138
14351
14927
9689
19174
19330
5983
10517
16710
21583
24895
21841
22694
22454
19558
13055
15643
24641
20653
7231
10038
2069
4844
16172
11783
8492
10135
17734
9928
4539
3500
16444
4520
14913
1244
14606
15389
23908
18669
10673
17759
12166
23297
479
6602
8803
20398
2122
15137
9283
21187
8713
23752
16446
22657
18536
13154
3671
3207
22453
10559
22797
22555
18770
14659
2998
16330
17359
11263
19301
22260
1431
6159
5557
1820
20222
3811
1399
3843
18189
9997
6570
5305
17475
4921
7468
7121
16505
11563
22611
14264
8743
20136
4413
9368
18931
8130
2279
19530
8678
1863
713
14151
20018
9251
15552
13825
14303
2224
6070
7038
22248
1115
20864
14070
13583
11625
11631
7405
7518
1944
11977
14629
10547
7131
7178
8444
5078
22640
12498
3512
22436
23994
20051
60
15471
10229
22981
9540
6833
22595
20860
1147
12535
14976
17540
796
4318
16161
3246
20474
14291
6583
16908
3222
8153
7945
16111
18839
3799
5825
16268
11746
23161
19488
20791
20468
14195
18141
13822
24735
780
20502
13083
4636
13951
4168
1987
9583
12734
20193
14091
20923
19602
8893
15688
19510
8663
16669
3492
10676
5014
18389
23402
17625
8509
22027
22195
802
18400
21660
24026
3180
12148
14882
8680
24584
3103
9309
4554
13314
23108
12466
913
4258
18352
12824
16120
7635
16691
922
12320
2026
13452
19684
2753
8187
22044
1299
14886
2745
9620
20014
1296
11390
1390
2239
2399
1485
19159
10050
11614
2974
17611
15420
20340
11716
10711
5607
20566
17243
8189
10725
19759
7624
8136
20787
22987
7133
10183
10028
17573
10576
23395
9889
19261
21543
7543
4835
7919
5283
2768
8507
13064
6638
4513
18126
20359
2425
10361
12650
23112
6914
5188
1267
14605
7078
13130
3690
22959
10184
7202
23639
20881
9492
21354
14609
11026
2733
7566
17156
15190
23420
18223
15020
320
19692
15013
14178
17705
3594
6298
508
7975
10085
7018
19872
9639
10093
8654
8705
9420
1557
953
20541
14460
1389
6759
2520
10343
14816
21685
9968
3746
8081
22052
3639
6326
987
6379
20855
4445
20420
19536
22480
21900
845
14425
23876
942
18333
7451
15571
289
7339
4534
2054
523
4493
10496
18896
2775
17667
8551
6384
13054
259
17818
9165
11531
8484
17786
12630
13239
17370
17320
17474
15252
9140
2900
5896
15705
12909
4361
20242
6824
17232
840
16946
1693
10392
4743
7171
10441
13005
1338
23860
19444
15557
16468
22581
1127
4296
18198
13459
17888
17835
8899
1454
6366
23146
12461
16970
749
18663
6249
17558
17067
24263
17484
5321
7533
2881
6911
5396
1724
21557
9264
486
4946
3241
1302
23203
14093
15560
5741
7146
18556
15356
21645
3532
21712
13264
7338
4164
11072
16583
15559
16175
16784
21642
12044
19081
8128
14518
13240
12657
18557
7498
20336
3481
5926
22507
19655
11288
2480
844
13745
19209
16191
24989
15083
3608
21233
7674
14898
11506
16774
2992
10983
22176
1214
9066
19313
17169
20153
10976
4253
18737
5475
14085
22526
10210
23461
14508
23905
7973
16032
24572
12574
907
16425
8347
9396
8511
812
18530
2767
10636
20488
16858
21715
5934
7173
9621
24251
2654
14925
12188
13070
14838
15468
21777
21755
3367
18432
2731
21967
1114
1940
1192
8806
10188
5777
17616
15642
20246
23511
22327
11055
558
14900
11202
7783
7418
11332
24085
1896
750
14433
16779
6493
12900
5875
7601
2664
12943
1337
5709
153
17642
20318
5326
1251
13846
7278
8429
22066
17010
6188
19832
23428
12373
13056
16756
13960
8908
14505
11042
18506
783
2565
15482
23975
24575
13741
5308
14108
5255
17803
16672
16639
23875
16507
5633
8755
13532
24521
15771
9357
11380
23187
14964
13027
18071
12339
9383
7868
11758
23478
17403
7390
8674
2374
8627
23232
5257
8649
19264
16077
514
5221
15844
3621
7196
4982
3700
12594
1860
5655
2233
3106
15349
17996
21455
15345
818
1897
8894
1680
17343
15477
24304
21025
11657
19513
14346
10435
12524
21422
9504
2707
23779
14463
18383
14004
14135
23238
23857
24425
14281
19237
6115
4943
1731
10824
11523
12336
2204
20683
19431
10417
18870
5803
4761
23571
20485
3754
15638
7639
20202
17282
20522
23308
5293
6662
9799
5626
24551
21192
13950
16028
11496
1116
17439
2464
798
8152
5100
6995
12982
14537
16716
19308
8937
13963
19550
11074
15793
11163
2658
19405
20017
1795
4562
18224
24341
15398
2976
267
2134
789
6008
9128
6364
23602
15091
13181
23383
17755
8891
22878
8651
18245
12592
3453
23193
12952
15183
2332
23810
24055
4404
22475
19780
869
23159
12404
20884
1846
9516
11305
21555
553
22756
20344
14388
19163
328
24970
17453
10346
23889
22752
24870
23978
1677
19129
22399
14635
22619
21322
3189
13878
13309
24109
4039
573
377
18253
19518
13384
24977
11411
5753
13254
24064
1330
4691
9355
16922
22975
20073
13465
21146
5445
23693
19516
24286
1144
17664
13501
10616
14851
12881
18920
21730
4115
16493
21048
2591
19830
19277
20183
12875
8535
12839
16029
23895
1098
20521
24226
9524
5229
20761
8809
12721
8983
4090
8370
3918
22013
3501
15334
4959
15264
7892
7787
1360
7367
2619
3548
3162
23849
18973
21547
3736
1435
8265
4801
11364
3737
1638
12764
20124
20451
7323
5217
18812
5622
11543
19816
13043
16792
18517
21897
5615
10681
20609
24625
1631
18857
9761
3257
14764
2854
21
21716
1558
24318
9213
17981
9994
19378
20387
24847
8337
15028
21134
7322
10031
21009
21806
4116
16702
16432
11994
23245
14624
3093
14120
22025
5089
9004
12229
24886
6915
10764
20331
4616
18291
7306
20132
243
7538
23199
15810
4169
13382
21922
11238
14006
20444
14417
3667
8202
1737
17280
9677
23510
16880
10443
6523
6822
7516
24106
12325
8402
49
16607
4604
14015
15851
2963
16923
9044
7184
3553
13272
4659
3759
21851
14405
16974
21835
7091
5284
7058
8930
11983
23046
10699
11381
24475
8251
24734
4893
1016
7252
17563
522
11205
549
5719
22867
6582
8505
2394
22545
12092
12134
24665
6211
149
12854
11110
18781
10806
22422
13447
11241
19285
22646
8432
13190
24706
20139
9039
20096
2458
14328
7308
20076
15466
11342
9267
23494
958
3479
19487
5604
20388
24713
7383
17546
14394
9629
13870
13057
20354
2228
13004
5004
23952
19235
6804
15536
21952
16179
3239
13439
21183
5407
23398
21610
16148
7043
21499
10118
18268
1185
9791
9601
4549
8227
21239
9957
4370
14300
10926
17084
10524
6910
9105
1301
10177
16463
18833
9654
16292
9798
8656
5232
8622
10945
8483
12689
22064
14481
21539
16216
23620
5521
12569
3039
19098
6741
10386
1674
17134
24432
10009
1315
13615
3565
20237
20517
22983
10614
341
11284
7911
20477
11610
14239
23342
7891
17049
1070
623
21387
854
5520
24444
9208
21961
20213
6863
14052
9479
20628
5405
1439
1274
12791
22419
21626
3652
12451
9432
1634
7507
10932
13739
19263
18867
15955
19658
6657
18988
22093
2914
11028
20785
13258
21440
5876
7715
16945
15903
2366
20955
13730
22233
12950
7148
8377
9237
1067
8521
2795
5890
20282
8278
24772
14707
22750
14244
3288
9741
1766
15637
5752
8336
6841
22051
13082
325
18584
16491
9735
89
23811
11137
3172
8415
5306
19589
22833
6550
2379
5728
22985
22296
18923
20998
12358
17392
18571
23664
7219
22010
13621
5759
1749
24230
12969
21402
6254
5215
7277
3000
20036
14808
17695
17839
10958
21821
6285
16613
19524
8381
12733
8107
21991
20298
8446
23348
4821
23336
20724
8715
11851
18952
23751
9028
16393
21001
6202
17599
719
7162
9033
5528
10553
7197
5334
21416
21143
1075
19939
7180
12710
8577
8438
6955
20814
8562
12304
1369
1081
5041
16287
14304
9874
12011
13293
11666
20231
6487
9390
9183
8659
15837
20243
5002
19008
11684
12771
2004
2367
8526
2469
6821
14871
10076
1319
11046
140
22543
22231
20157
13881
24714
12013
23599
15923
24908
6343
24308
14173
12831
9477
3149
2650
5278
23134
11048
11971
18626
23111
12517
4033
12334
1701
14212
19924
6588
3692
7510
22530
12571
5665
22483
4360
7212
20295
3140
22695
10588
16572
14400
5463
12399
20670
15867
6036
1224
16503
6502
22277
8191
4303
3915
428
160
12187
9354
1783
21513
22230
4851
4175
2207
23525
5124
19314
13698
8795
4283
2390
6335
5264
13656
12864
17729
16063
5672
19766
16335
7955
2384
22365
4968
8012
19992
20112
2138
24627
18811
12195
2584
11648
17310
5874
21516
18577
15391
14206
18350
7232
4133
3851
14270
24299
14045
12049
7337
14541
22127
18423
12837
10897
18586
6009
1714
1597
12035
5292
21733
23590
15291
18773
11536
5119
14986
6585
17562
9246
19588
6817
4160
19956
7221
9262
2885
21500
7437
13907
16778
21985
9852
16128
23490
2021
12309
6684
20837
22892
1750
10124
9810
20360
6906
14046
409
13753
7995
21217
3449
5525
16560
1670
24208
12523
5338
565
16856
16251
15901
12085
17997
13976
19461
21826
14284
12753
266
18343
1415
6544
21204
1171
4419
14374
23039
5848
14813
4704
8245
16514
22683
3043
4044
2325
22820
12566
15857
6899
1233
17360
13413
15762
6477
5532
7756
6458
21874
11094
21051
22807
9787
15644
20075
18822
24881
6981
9227
18674
335
24871
1201
20419
10334
2915
17311
21315
5850
17719
2636
13427
23631
4596
17826
1420
23422
4593
10474
21870
24440
11753
14810
24504
6242
15191
2815
12921
11988
321
9342
6932
11667
12270
20490
3108
14592
13281
10049
22943
5678
9803
24080
21356
24391
10812
10892
6941
1341
1669
609
23175
5962
19696
15152
10625
23380
1203
8714
19452
17217
8897
2156
23524
20987
8188
388
24632
13543
11384
8846
16333
1279
12640
3631
10002
22686
13736
24620
8132
7517
16971
19118
14286
18580
8650
340
190
4965
15563
4887
11471
2542
19593
8109
18249
21105
18030
5057
4349
13140
20027
22765
23983
10819
6367
4243
4484
19922
22557
3816
1095
19527
9117
8946
11548
4763
284
2089
14948
14182
23399
13028
10138
22433
4380
12835
13961
14677
11462
9580
6083
8812
261
10207
7534
1740
16366
1955
246
2593
19460
15178
82
4340
23321
24067
20209
12728
7290
20239
9070
6007
23682
7149
2968
10825
11367
2822
3997
7561
6706
10766
18355
14679
23129
2713
14134
18731
11677
5408
20250
11608
6053
20009
2597
14944
7165
2077
2218
20771
8247
19057
10694
14101
16928
19616
21341
2316
6232
11391
17260
24158
11356
22717
3911
14660
10790
7381
9965
13463
21894
4585
6275
9113
16678
20186
1515
5318
10159
1866
21646
3645
20908
19312
3658
23145
20981
18673
8120
15352
14121
1788
16149
11791
24384
12301
2916
18544
14323
4254
22446
22825
16675
7640
14024
15950
2053
19356
11852
17435
17061
2031
23143
6685
6210
608
11372
7786
7825
23250
17265
17250
18295
13598
5413
7691
25
16725
17455
1859
21483
5091
17980
2957
809
17845
8730
11822
4515
3072
8383
